7.24114361053460
-2.18616267291073
-2.49200018163484
-1.99247126035102
-3.19937716980663
-7.54366201603974
-11.7412789382804
-8.91918479189270
-10.1630982442081
-3.64752442442409
-5.33876474362836
-6.48784615203313
-10.7282659929324
-12.1356060867110
-15.4827396260519
-15.5139173595587
-13.3419417659325
-12.6463640488841
-8.08208717003634
0.679807321975361
-2.62320177231709
-0.0988508885046495
-8.64120146511918
-6.17816597475403
-20.2233484552612
-9.51500342029816
-16.4703077934991
-3.51476637188254
-8.92927349697708
1.82806540449829
-9.68130614805406
-1.68002607110192
-18.1850000000000
-9.37497392889808
-19.6886938519459
-15.3130654044983
-18.7057265030229
-6.26523362811747
-3.49969220650091
2.50500342029816
1.16834845526117
2.46316597475403
-7.00879853488082
-6.63614911149535
-13.3267982276829
-6.86480732197536
-12.3079128299637
-1.31363595111587
-5.57805823406749
7.03891735955866
0.327739626051883
8.13560608671102
-8.05173400706761
-2.05215384796687
-13.7912352563716
1.73252442442409
-3.09190175579188
8.69418479189270
1.25127893828042
6.95366201603974
1.49437716980663
2.48747126035102
-3.62799981836515
-6.68383732708927
-13.7611436105346
-6.68383732708927
-3.62799981836515
2.48747126035102
1.49437716980663
6.95366201603974
1.25127893828042
8.69418479189270
-3.09190175579188
1.73252442442409
-13.7912352563716
-2.05215384796687
-8.05173400706761
8.13560608671102
0.327739626051881
7.03891735955866
-5.57805823406749
-1.31363595111587
-12.3079128299637
-6.86480732197536
-13.3267982276829
-6.63614911149535
-7.00879853488082
2.46316597475403
1.16834845526117
2.50500342029816
-3.49969220650092
-6.26523362811746
-18.7057265030229
-15.3130654044983
-19.6886938519459
-9.37497392889808
-18.1850000000000
-1.68002607110192
-9.68130614805406
1.82806540449829
-8.92927349697708
-3.51476637188254
-16.4703077934991
-9.51500342029816
-20.2233484552612
-6.17816597475403
-8.64120146511918
-0.0988508885046517
-2.62320177231709
0.679807321975361
-8.08208717003634
-12.6463640488841
-13.3419417659325
-15.5139173595587
-15.4827396260519
-12.1356060867110
-10.7282659929324
-6.48784615203313
-5.33876474362836
-3.64752442442409
-10.1630982442081
-8.91918479189270
-11.7412789382804
-7.54366201603974
-3.19937716980663
-1.99247126035102
-2.49200018163484
-2.18616267291073