5.65927260268848
10.0441020362375
-3.58190820735947
-11.6627503556203
-8.21405279104525
-14.4827010595540
-4.10752413114504
0.581267554000516
0.0619646909144358
-10.2521509376703
9.78614396620109
-1.49841491994044
0.292380636808333
-9.22371825506863
-6.78474269308801
-15.6552325601444
14.5433400206909
3.78147666942206
9.89052748601928
7.81390219293051
13.5795621546493
1.31626225831579
11.2433630471530
1.75246802769196
-0.943751435258781
3.63678085328351
11.2305098160365
-0.242226829968832
0.393033254554457
5.36893704744639
-1.96453410692990
7.25808158998997
5.41772802703705
-6.52935812252026
-5.82331956455433
-10.2361747870379
-1.18975640825043
-8.81429070399264
12.6907815688033
1.49786996218058
13.6190436147709
11.9544783369141
12.9236036721250
-7.12681104567267
2.92772109887151
-7.66072361353257
-3.59688254835730
1.21269160447032
8.87358457247415
8.87683535182835
21.7770638123126
23.0415796161918
7.78746922539710
2.34013135476106
13.6890509924573
2.64535250937726
19.8843858991454
19.0256815933858
16.1573406587646
9.35884365964293
29.5716999452121
9.46953656441045
11.6378833351822
0.212907814397186
4.30099912674115
4.65410623479051
6.67006546140924
7.47562118078262
-5.77939082761292
14.3325091715050
14.8652082191907
14.8418346116564
13.8373801660447
7.98542808499372
-4.94121669800950
2.14911946359107
-1.99622571963742
-6.69190935350010
-6.47138097336981
6.67864216135991
-3.43943038184367
16.8168081458544
4.48395557148763
0.740362216336583
-6.98658053606521
7.86908280846337
-4.04519142162921
5.98597351718556
0.191074490143885
7.23110723347941
2.57447244814121
16.3026004871875
-0.239677497856767
-1.95464507286397
2.74471941562816
9.87976636000794
7.19869477263037
9.76848534388193
7.35521059700559
6.31052579221945
21.9596918112778
13.3101956297449
10.8739833346957
2.93021292549275
11.4981660626561
0.913245455665187
15.7851120201250
2.34181213880136
7.63896524637518
10.2894532255112
29.0022607729285
13.9985891524338
18.6007126911364
9.37593030994310
14.4116982494679
9.64960700970394
21.4298819518866
2.35334172733224
7.79474156343658
14.5492091352802
12.0357749067430
5.00750136279892
2.69548153882668
-8.63809278684249
-12.5789151306431
3.84790679551312
-5.61568165710694
-5.83002212561384
-0.675983940395691
-3.66697545301460
8.71723594090167
1.62214324478847
7.29765270597125
-18.0670075430195
-2.45599565788959
-11.2802613232830
-10.4101764052954
-14.0809221314380
6.43932572911684
11.9586328026831
9.45533006585110
9.84739161293297
-6.58547596775254
-4.70794135164549
4.93647342734668
3.28488363705228
1.01403749601347
5.04772205525809
9.08135922086332
10.8487700060063
25.9705241698762
14.2280511161117
-4.37781215126495
8.74435207349466
-5.05353843437606
3.25463828978401
-0.200484355218817
9.04396646520908
-0.939694709418376
25.4456710934021
16.4170967751177
10.2530074102583
4.90784524865267
10.2427282339515
-6.90115195259225
1.96081979968804
-1.47024972178067
-5.46480306329601
1.44097426769490
18.5502018630526
11.2116853654772
-0.769465301869627
0.380775918964285
-13.5174053763259
-4.61436988191136
-0.981719667719900
-3.42317773305351
-16.5225039346552
7.50318416188771
5.13305769390132
17.2404773386514
16.0975520769366
8.01800543328145
10.5004846657879
7.29063288317268
12.5724762820496
-7.93202045642227
5.13183515039565
2.73902533502087
7.49540823331086
14.8120446276018
12.2552929139307
-0.151663307485143
3.38330614546243
6.81893023085946
-1.72788964911310
6.05963854640389
6.93779534728527
6.75452361815373
6.00891742305153
21.8731818239206
-1.63860440711089
1.93806556807082
5.87482201358925
-8.49703227516099
1.80861451242469
-5.00082161208451
0.813391907274248
-5.00611853402328
16.7515867498501
3.97461302991690
-0.296107250748564
-8.02651105376783
-11.1823296423746
-22.2757770025836
-14.5938030130086
-15.6841868362890
-21.1986454136211
-5.60496054474884
0.662810957649309
-5.38703350563217
-14.0971781584541
-8.43709303900227
-22.4412726042792
-12.9817171838736
-16.4900147543128
-16.9565967162230
-31.9643862400084
-4.87932463529419
-12.6393636822359
4.13359280606238
-0.428654703885724
-6.45108726252283
-22.3701195848996
-10.1206330146350
-22.0476722522457
-16.5276451100253
-15.4747799178073
-10.0080949627792
-9.78850710728326
-0.247195107729991
-4.47972362857652
-12.6452497689041
-8.85593337824799
-5.66660760918798
-22.3360266522022
-16.8299859267884
-20.4624443288102
-8.80297473696249
-4.41352293087389
7.11180633169014
-16.5055358034026
-5.25755166066781
-6.32231168358813
1.68014924697037
0.968890904036733
-10.4829742931281
-10.2114308815322
-11.6469898652686
3.93801205575954
3.25296176096639
-7.11412305790933
-6.56877883772931
-8.35874100072244
-8.21635462139938
4.14788555909489
-1.07314558920636
-4.11164337602437
-0.390547211765383
8.28515741691163
-9.66945745984166
4.47763190821578
-6.28886182227150
-7.36524858692583
-13.0903494701599
-5.37114861815856
-28.2800558170745
-11.3957624442519
-11.6961662560284
-3.94049127146710
-15.0860272681641
-9.16959974666060
-24.8473114416500
-16.1473443416161
-18.6621475056372
-22.7621425382946
-25.3547189915203
-15.5062914683261
-10.8103531293105
-5.64820116568840
-0.128661248858315
-8.92490519535611
-5.08383695137202
1.01900454923800
-5.45475434682370
-8.44929067689540
-15.3321593896416
-7.57133067063526
-17.7587209891836
5.71613721141073
-7.14785669318533
-5.76855425385541
-10.6214858149982
2.02367057836116
-13.4154578472282
-1.46503318927278
-12.7755524408922
-14.6208351461721
-8.76548534600288
6.39035663530804
1.96228912042667
6.41499229827561
11.3116364349107
4.18228084450918
1.55737335132599
1.96998207945855
-5.59856832795245
-16.4754418346936
3.20653107763617
-3.83135350498862
4.18306528257757
0.515046633463186
11.5775586874555
-1.61600867180987
10.1072601138868
-1.13181938302984
0.703155768492142
1.16009233896600
17.7963713876951
2.37258423396205
13.5894704291244
6.03585522392153
5.64981555100828
7.55473685911952
11.9255304606075
-9.48507630393237
-7.27829365569314
6.22106499014312
0.313518092914873
7.19192514058970
8.44492950747096
0.0631023279108450
-3.51024502319453
13.3953286707238
-2.29364003154592
-1.22476924194727
-4.29543833070966
6.80324091641723
-7.75280938384857
2.02722712686297
10.1361753135212
-6.04210955259473
13.6869962319311
5.45811826349175
3.19860269495508
-5.30528759333667
-0.568771280463896
-6.97451265529372
10.4184585213281
10.9348824542016
-0.493815961498943
3.01329659910936
7.10485639455865
8.32142440614972
10.0967387596446
9.83739479185629
-10.1966454500886
-1.50382370140035
6.36192397166521
10.7781092189671
0.344934394661170
-3.28867702084637
8.09060391877205
-2.41704835009607
13.4575644779548
-10.5183598028908
-11.1151904219750
-6.01780198424423
6.58838615187705
-0.762765332699614
5.61921219073185
-4.68691460188675
-5.27978155946557
0.457351484460621
-3.45841839869147
-13.9566190714430
-12.3502801830464
-3.08309784912889
-6.23187283400321
3.36174052962501
-2.81311329486621
-6.79396440951220
-4.57732590445177
12.5977530565801
-6.47731370520363
-1.28021192911627
-7.17851965294627
2.20349937954044
-2.75234442285543
11.2969810277323
-7.76994587650962
0.875011833852325
-2.06293692014141
6.66513593852033
-9.43042830138344
-7.33373964887723
-15.7888730587614
-9.67823297726372
3.79094032658602
4.68613030531307
-2.81784090211458
4.62851696268808
0.977407625572042
0.461343765428445
-3.99812528934611
2.49616659110808
-14.5304326406137
3.21783145197328
3.64211633946784
5.98846885220443
-0.632496894782657
18.0438772358441
3.56003460581939
11.4618670596487
2.71695843339103
2.75438937808103
-5.77833455790277
17.7516833118976
8.79940364228116
6.76901247772137
7.70004622809206
3.38786927751744
2.86690384389951
5.89261979698692
-8.29804843525342
-13.5596484179795
-9.67914075160730
0.489244534348916
-11.9157979708719
-2.24438363339370
-10.2698634331991
-2.46146266864148
0.642183371783383
9.90060259156323
-21.1764983286766
-11.9424228964054
-17.6802214196693
-5.21990304177899
-8.28209850280728
1.54770443194603
-18.5825376102705
-8.92119422169503
-5.33259902514194
-6.36449014375986
-16.2494834384169
-8.87714823348842
-13.6472803731383
-6.97324596429919
-3.19617967400077
-4.75406984414111
-16.4933228921311
-3.49522352756246
-13.9647253827089
-15.6108651573438
-23.2559052702664
-19.3734222556049
-36.7537899173820
-12.5651357637951
-17.8054500882550
-14.5482528617188
-20.5134941730657
-5.88362002133382
-18.7442925398441
-10.8930803617908
-24.9044949196790
-21.1819062669301
-18.2148806675555
0.0356522312188091
-9.51146572562230
-10.6865200719630
-11.8163183405227
-17.5550954065841
-8.86134130032186
-7.75020167805380
-18.3050823351826
-24.8545821937478
-21.2508343437464
-14.4474173560722
-26.3515081990871
-13.5121969772395
-25.9235069729713
-8.64122657909592
-5.41848590755179
7.17117313810575
-13.7971891140837
-2.96937879795337
-16.8304294826147
-10.1621986630758
-2.93470327132929
-3.81063535069632
-9.94448713733886