7.2411
-2.1861
-2.492
-1.9924
-3.1993
-7.5436
-11.7412
-8.9191
-10.163
-3.6475
-5.3387
-6.4878
-10.7282
-12.1356
-15.4827
-15.5139
-13.3419
-12.6463
-8.082
0.6798
-2.6232
-0.0988
-8.6412
-6.1781
-20.2233
-9.515
-16.4703
-3.5147
-8.9292
1.828
-9.6813
-1.68
-18.185
-9.3749
-19.6886
-15.313
-18.7057
-6.2652
-3.4996
2.505
1.1683
2.4631
-7.0087
-6.6361
-13.3267
-6.8648
-12.3079
-1.3136
-5.578
7.0389
0.3277
8.1356
-8.0517
-2.0521
-13.7912
1.7325
-3.0919
8.6941
1.2512
6.9536
1.4943
2.4874
-3.6279
-6.6838
-13.7611
-6.6838
-3.6279
2.4874
1.4943
6.9536
1.2512
8.6941
-3.0919
1.7325
-13.7912
-2.0521
-8.0517
8.1356
0.3277
7.0389
-5.578
-1.3136
-12.3079
-6.8648
-13.3267
-6.6361
-7.0087
2.4631
1.1683
2.505
-3.4996
-6.2652
-18.7057
-15.313
-19.6886
-9.3749
-18.185
-1.68
-9.6813
1.828
-8.9292
-3.5147
-16.4703
-9.515
-20.2233
-6.1781
-8.6412
-0.0988
-2.6232
0.6798
-8.082
-12.6463
-13.3419
-15.5139
-15.4827
-12.1356
-10.7282
-6.4878
-5.3387
-3.6475
-10.163
-8.9191
-11.7412
-7.5436
-3.1993
-1.9924
-2.492
-2.1861
