0.0
0.8204
-1.4588
-3.8232
-1.898
-1.8259
0.2078
2.2409
1.1858
-0.9934
2.0033
1.469
-0.8278
-1.1288
-1.725
-1.5361
3.2426
3.496
0.7123
1.604
0.7543
-0.5987
-0.3609
-0.2761
-2.2701
7.0E-4
1.5177
-0.2027
-1.4121
0.678
-0.7049
0.6286
1.1307
-2.0606
-1.9344
-1.5706
0.271
0.0806
3.0989
2.5448
1.4299
2.5304
0.4244
-2.5531
-2.0544
-1.1817
-1.7585
1.1466
1.8811
2.0259
3.2144
3.558
-1.3
-2.9564
0.0084
-0.7043
1.3099
2.8661
0.2148
-0.7352
2.3162
0.1762
-2.2669
-2.183
-2.4269
1.0E-4
-0.1487
0.6854
-2.0727
1.4258
3.2654
1.1056
0.8532
-1.0404
-3.2227
-1.7599
-0.5888
-2.0013
-1.1468
1.723
0.5636
2.369
1.734
-1.9106
-1.9121
-0.7645
0.248
0.0745
-0.2435
0.202
0.3217
1.6797
-0.2403
-2.7503
-0.0051
1.292
1.1933
0.543
0.4028
-0.4717
2.8253
1.6662
-0.8395
-1.5766
-0.3125
-0.6921
0.669
-0.0533
-1.2901
1.1442
3.9313
2.0559
-0.4231
-0.5996
-1.2104
-0.3506
0.7736
-1.365
-2.4177
1.2637
0.1438
-1.0622
-1.8369
-2.9172
-3.3729
1.0862
0.4697
-1.0809
0.775
0.0907
1.8901
1.0131
0.5473
-3.0203
-1.8967
-0.1001
-1.788
-0.5693
2.3285
4.9259
2.0019
1.2056
-2.597
-2.7772
0.7739
0.8185
-0.099
0.5547
1.3987
1.3212
3.665
1.5215
-4.1861
-1.5127
-2.0686
-1.5659
0.1305
0.6307
-0.0268
3.2355
3.6096
-1.1206
-1.3017
-0.9285
-2.323
-1.7531
0.0017
-1.6719
0.5193
3.713
2.392
-1.9016
-1.561
-3.1438
-1.4798
1.1703
0.0922
-2.2331
1.7036
3.3889
2.993
3.3999
-0.5403
-0.2105
-0.5825
0.2304
-3.1519
-1.8576
0.6268
0.1106
2.4344
1.1108
-1.5769
-1.4425
0.4171
-1.2486
-0.1141
1.0314
0.3128
0.2263
2.8378
-0.8924
-2.7908
0.4995
-2.5269
-0.5603
-0.2302
-0.2007
-0.124
2.9524
2.2551
-1.7763
-1.9865
-2.8718
-3.3495
-1.8057
0.1376
-1.4542
1.674
3.657
1.313
-1.3777
-0.5419
-2.0711
-1.1315
0.2969
-0.8479
-2.4691
1.9522
3.1705
2.7268
3.249
-0.8637
-3.5075
-1.9994
-1.0282
-1.3444
0.8756
0.8538
1.4337
2.0355
1.4785
-1.5176
-0.6881
0.5245
-2.5892
-2.2253
-0.7761
0.8178
2.8101
3.5119
-0.8721
-1.4989
1.019
0.8281
1.7298
-1.6078
-1.5906
-1.0673
1.9067
2.4977
-1.1157
-1.345
-0.9362
-0.7133
1.9701
1.3734
-0.6393
0.2552
1.919
-1.3423
-0.5492
-0.2746
-2.2679
-1.5085
-0.4392
-2.7277
-1.1998
1.899
1.4931
0.4257
-0.5048
-1.6737
-1.5721
0.3892
-1.4272
-1.0865
0.6602
2.3407
2.2125
2.8174
0.1983
-0.1813
1.5321
0.0385
-1.1704
-2.1073
-0.6116
-1.1771
1.9617
1.5953
-1.141
-0.3915
0.723
-0.6283
-0.505
-0.3006
-2.4582
0.4957
3.1439
2.6942
1.3048
2.3011
-0.0677
-1.1313
-0.7388
-1.7598
-3.4535
0.9665
1.5173
0.9101
1.2217
1.4765
0.046
0.2152
0.1084
-1.5282
0.2413
2.4099
0.5564
0.1073
0.7109
-1.2928
0.3369
0.73
-2.3544
-3.1444
1.6645
0.8009
1.0294
1.6656
-0.8443
-1.8033
1.7038
-0.0559
-1.8168
-0.787
0.5385
-0.7683
-0.6633
2.8659
-1.0143
1.5177
1.5384
-1.1244
-1.7073
-1.3837
-0.8161
1.5201
3.1322
-0.9278
-0.6146
0.7294
0.9107
0.92
0.6115
-3.309
-2.3058
1.5612
1.9704
0.0183
-1.8661
1.0607
-0.2941
1.3291
-1.3761
-3.9685
-0.2055
2.024
1.5011
0.6577
-0.3894
-1.8978
0.5641
-0.1472
-2.245
-1.9482
0.954
0.7209
1.5002
0.7166
-1.2784
-0.3171
3.1995
0.3851
-1.3225
-0.3729
0.1479
0.7653
1.7377
-0.7237
-1.7333
0.385
0.5662
-1.2067
-2.6598
-1.7723
-1.2864
2.9893
2.5895
-0.0026
0.3713
0.4442
-0.5684
-0.8223
0.0535
-2.0201
-0.0206
2.5493
0.9692
0.1673
2.3767
1.1455
-0.2811
-0.0864
-1.7901
-1.5901
2.1103
2.5329
-0.841
0.3333
-1.0612
-0.839
-0.0045
-2.0912
-3.6226
-1.3863
1.3559
-0.3053
0.0351
0.077
0.0349
1.9642
2.3824
-2.9719
-3.6002
-0.9828
0.0743
1.5841
1.3569
-1.3012
-1.707
1.6029
0.2075
-1.1916
-0.6023
-0.0209
0.1617
1.9282
0.7692
-1.6588
0.1217
-0.065
-1.9033
-1.9064
-1.5171
-3.0805
0.5522
2.6532
0.396
0.3613
1.4408
0.6012
-0.3383
-1.1543
-2.2092
0.5675
3.0808
2.1529
-0.7209
-0.0901
-1.6375
0.2431
1.194
-1.1875
-2.671
-1.2576
0.8736
-1.0744
0.4249
-0.1494
1.1811
3.7806
3.6502
-0.0708
-1.0616
-0.973
-1.6696
2.0615
0.917
-0.3684
