0.0,
0.588,
0.951,
0.951,
0.588,
0.0,
-0.588,
-0.951,
-0.951,
-0.5877,
0.0,
0.588,
0.951,
0.951,
0.588,
0.0,
-0.588,
-0.951,
-0.951,
-0.588,
0.0,
0.588,
0.951,
0.951,
0.588,
0.0,
-0.588,
-0.951,
-0.951,
-0.588,
0.0,
0.588,
0.951,
0.951,
0.588,
0.0,
-0.588,
-0.951,
-0.951,
-0.588,
0.0,
0.588,
0.951,
0.951,
0.588,
0.0,
-0.588,
-0.951,
-0.951,
-0.588,
0.0,
0.588,
0.951,
0.951,
0.588,
0.0,
-0.588,
-0.951,
-0.951,
-0.588,
0.0,
0.588,
0.951,
0.951,
0.5877,
0.0,
-0.5877,
-0.951,
-0.951,
-0.5877,
0.0,
0.5877,
0.951,
0.951,
0.5877,
0.0,
-0.5877,
-0.951,
-0.951,
-0.5877,
0.0,
0.5877,
0.951,
0.951,
0.5877,
0.0,
-0.5877,
-0.951,
-0.951,
-0.5877,
0.0,
0.5877,
0.951,
0.951,
0.5877,
0.0,
-0.5877,
-0.951,
-0.951,
-0.5877,
0.0,
0.5877,
0.951,
0.951,
0.5877,
0.0,
-0.5877,
-0.951,
-0.951,
-0.5877,
0.0,
0.5877,
0.951,
0.951,
0.5877,
0.0,
-0.5877,
-0.951,
-0.951,
-0.5877,
0.0,
0.5877,
0.951,
0.951,
0.5877,
0.0,
-0.5877,
-0.951