114
120
128
128
125
125
120
137
139
128
119
125
136
138
139
143
152
161
154
154
157
155
153
153
151
148
148
150
139
139
141
135
128
121
125
131
130
120
123
122
135
132
137
123
134
131
143
142
143
127
129
121
118
139
133
118
124
131
137
134
142
137
137
143
152
149
152
145
150
136
130
134
135
127
138
139
141
139
131
139
136
136
127
127
127
136
128
132
132
125
140
149
131
145
158
144
135
133
135
140
138
137
143
145
138
144
131
131
141
135
128
130
144
150
144
138
144
150
152
150
150
145
149
142
149
145
143
149
137
150
128
135
140
144
138
151
154
159
140
141
144
140
138
151
143
135
137
146
148
141
145
153
151
151
162
139
142
153
151
151
141
147
152
136
129
125
124
134
137
135
141
129
130
131
141
138
120
134
133
124
124
126
138
137
133
140
137
131
131
146
139
134
124
129
144
143
142
143
143
163
158
144
143
147
147
142
146
143
129
128
136
135
129
134
137
143
144
142
147
142
144
140
138
139
135
138
132
138
134
122
142
136
154
142
146
157
158
147
137
148
154
145
135
139
148
141
131
136
146
151
147
137
138
141
140
128
131
133
134
142
145
146
140
139
142
150
142
141
145
154
156
141
135
132
128
129
127
130
145
152
137
140
137
129
137
139
139
155
153
144
159
160
146
144
145
144
137
136
134
137
139
130
126
133
123
118
118
116
123
128
126
125
125
126
133
143
140
144
141
143
141
156
147
145
144
159
142
131
133
148
153
141
138
133
144
129
151
140
138
138
144
153
153
147
141
133
126
131
137
132
134
133
125
138
133
123
129
134
135
141
135
132
131
130
138
124
127
137
130
136
152
143
149
148
151
153
155
149
143
140
150
147
146
151
164
148
140
141
139
140
134
127
124
133
133
134
138
134
132
143
145
148
145
152
150
147
149
148
131
122
128
127
142
