-0.8
0.6437
0.8755
0.4091
-0.09
-0.1042
0.1184
-0.0319
-0.5733
-0.8159
-0.2965
0.5366
0.8374
0.4146
-0.0872
-0.1044
0.1184
-0.0317
-0.5733
-0.8159
-0.2957
0.5363
0.8373
0.4147
-0.0872
-0.1045
0.1182
-0.0319
-0.573
-0.8159
-0.2961
0.5362
0.8374
0.415
-0.0872
-0.1044
0.1182
-0.0321
-0.5733
-0.8159
-0.2961
0.5362
0.8374
0.415
-0.087
-0.1044
0.1183
-0.0319
-0.5733
-0.8159
-0.2965
0.5362
0.8374
0.4147
-0.0874
-0.1045
0.1184
-0.0317
-0.5733
-0.8159
-0.2957
0.5367
0.8373
0.415
-0.0874
-0.1044
0.1183
-0.0313
-0.5736
-0.8159
-0.2957
0.5363
0.8373
0.415
-0.0874
-0.1045
0.1181
-0.0319
-0.5733
-0.8159
-0.2957
0.5367
0.8373
0.4146
-0.0872
-0.1044
0.1182
-0.0319
-0.5733
-0.8159
-0.2957
0.5367
0.8373
0.4146
-0.0872
-0.1045
0.1182
-0.0317
-0.5733
-0.8159
-0.2957
0.5367
0.8373
0.415
-0.0872
-0.1045
0.1184
-0.0319
-0.573
-0.8159
-0.2957
0.5367
0.8373
0.4146
-0.0874
-0.1044
0.1181
-0.0319
-0.5727
-0.8159
-0.2957
0.5367
0.8373
0.4146
-0.0872
-0.1045
0.1182
-0.0319
-0.5733
-0.8159
-0.2957
0.5371
0.8373
0.4146
-0.0872
-0.1045
0.1182
-0.0317
-0.5733
-0.8159
-0.2957
0.5363
0.8373
0.415
-0.087
-0.1044
0.1182
-0.0319
-0.573
-0.8159
-0.2961
0.5362
0.8374
0.4147
-0.0876
-0.1045
0.1183
-0.0319
-0.5733
-0.8159
-0.2961
0.5362
0.8374
0.4147
-0.0872
-0.1045
0.1182
-0.0321
-0.5733
-0.8159
-0.2961
0.5362
0.8374
0.415
-0.0872
-0.1044
0.1182
-0.0319
-0.5733
-0.8159
-0.2965
0.5362
0.8374
0.415
-0.0874
-0.1045
0.1183
-0.0319
-0.5727
-0.8159
-0.2961
0.5366
0.8374
0.415
-0.0872
-0.1044
0.1181
-0.0317
-0.5733
-0.8159
-0.2961
0.5367
0.8374
0.415
-0.0874
-0.1045
0.1183
-0.0319
-0.5733
-0.8159
-0.2957
0.5363
0.8373
0.415
-0.0874
-0.1045
0.1183
-0.0319
-0.5733
-0.8159
-0.2957
0.5363
0.8373
0.4147
-0.0872
-0.1045
0.1182
-0.0317
-0.5733
-0.8159
-0.2961
0.5362
0.8374
0.4147
-0.0872
-0.1045
0.1182
-0.0319
-0.573
-0.8159
-0.2957
0.5363
0.8373
0.415
-0.0874
-0.1045
0.1183
-0.0319
-0.573
-0.8159
-0.2965
0.5358
0.8374
0.4147
-0.0874
-0.1045
0.1183
-0.0313
-0.5733
-0.8159
-0.2953
0.5367
0.8373
0.4146
-0.0874
-0.1046
0.1181
-0.0321
-0.573
-0.8159
-0.2957
0.5358
0.8373
0.4147
-0.0874
-0.1045
0.1183
-0.0319
-0.573
-0.8159
-0.2961
0.5362
0.8374
0.4147
-0.0872
-0.1045
0.1182
-0.0319
-0.5727
-0.8159
-0.2957
0.5362
0.8373
0.4147
-0.0874
-0.1044
0.1183
-0.0319
-0.5733
-0.8159
-0.2965
0.5362
0.8374
0.4147
-0.0872
-0.1045
0.1182
-0.0319
-0.573
-0.8159
-0.2961
0.5362
0.8374
0.415
-0.0874
-0.1044
0.1183
-0.0317
-0.5733
-0.8159
-0.2957
0.5363
0.8373
0.4143
-0.0874
-0.1045
0.1183
-0.0321
-0.573
-0.8159
-0.2957
0.5363
0.8373
0.4147
-0.0872
-0.1045
0.1184
-0.0319
-0.5733
-0.8159
-0.2953
0.5371
0.8373
0.4149
-0.0874
-0.1045
0.1181
-0.0319
-0.573
-0.8159
-0.2957
0.5363
0.8373
0.4147
-0.0872
-0.1044
0.1181
-0.0317
-0.5733
-0.8159
-0.2961
0.5362
0.8374
0.415
-0.0874
-0.1044
0.1183
-0.0319
-0.5736
-0.8159
-0.2957
0.5371
0.8373
0.4146
-0.0874
-0.1045
0.1183
-0.0319
-0.5733
-0.8159
-0.2957
0.5363
0.8373
0.4147
-0.0872
-0.1045
0.1181
-0.0319
-0.573
-0.8159
-0.2957
0.5359
0.8373
0.4147
-0.0872
-0.1045
0.1182
-0.0317
-0.573
-0.8159
-0.2961
0.5366
0.8374
0.4153
-0.0876
-0.1045
0.1183
-0.0317
-0.5733
-0.8159
-0.2957
0.5367
0.8373
0.4146
-0.0874
-0.1044
0.1183
-0.0319
-0.5727
-0.8159
-0.2961
0.5366
0.8374
0.415
-0.0872
-0.1045
0.1182
-0.0317
-0.573
-0.8159
-0.2961
0.5367
0.8374
0.4146
-0.0874
-0.1045
0.1183
-0.0317
-0.5727
-0.8159
-0.2957
0.5367
0.8373
0.4146
-0.0874
-0.1044
0.1183
-0.0321
-0.5733
-0.8159
-0.2961
0.5366
0.8374
0.4146
-0.0874
-0.1044
0.1184
-0.0319
-0.5733
-0.8159
-0.2957
0.5367
0.8373
0.415
-0.0874
-0.1045
0.1183
-0.0317
-0.5733
-0.8159
-0.2961
0.5367
0.8374
0.415
-0.0872
-0.1045
0.1182
-0.0321
-0.5727
-0.8159
-0.2961
0.5366
0.8374
0.415
-0.0874
-0.1045
0.1183
-0.0321
-0.5733
-0.8159
-0.2961
0.5366
0.8374
0.415
-0.0872
-0.1045
0.1181
-0.0319
-0.5733
-0.8159
-0.2957
