1.68,
-0.89,
-3.02,
-6.48,
-5.7,
-7.49,
-2.1,
-5.25,
2.39,
-7.53,
0.67,
-7.4,
1.39,
-9.23,
-0.02,
-7.42,
10.71,
1.74,
15.36,
4.54,
6.37,
-0.78,
6.95,
2.95,
10.42,
6.37,
7.06,
3.53,
1.77,
0.31,
-3.73,
1.7,
-1.45,
0.72,
3.08,
-11.78,
0.31,
-5.61,
9.52,
1.39,
11.87,
0.92,
10.71,
1.94,
5.77,
-6.17,
0.85,
-1.05,
8.14,
12.52,
14.06,
12.94,
10.71,
6.41,
15.85,
9.28,
20.09,
15.47,
21.44,
9.43,
18.62,
5.28,
12.7,
0.38,
11.78,
10.1,
2.15,
9.43,
0.11,
8.67,
7.93,
12.47,
9.39,
11.51,
5.16,
1.45,
-4.22,
-0.31,
-6.06,
1.59,
-5.77,
9.48,
-0.13,
9.77,
-1.52,
5.14,
-0.25,
9.5,
-2.28,
7.71,
-2.1,
5.07,
1.05,
6.24,
2.95,
11.98,
11.73,
8.18,
9.21,
8.29,
11.24,
5.5,
15.47,
5.21,
13.39,
6.88,
14.98,
1.92,
14.44,
6.91,
17.55,
11.91,
19.24,
9.72,
21.75,
12.23,
17.86,
8.16,
12.56,
6.75,
6.01,
2.41,
-1.34,
-3.4,
-5.05,
0.76,
-4.67,
2.21