0.4193
-2.0198
5.1392
1.4632
5.2751
-1.7911
-1.1717
-5.2329
-1.4266
-1.7375
0.3012
-1.5761
1.0073
0.2257
-0.9573
-1.2212
-3.8829
-4.15
-4.5123
-1.7986
-3.5294
-0.1635
-0.3727
4.0849
0.3168
2.9921
-3.3211
0.2098
-3.6371
-0.2883
-3.277
2.8814
-1.6672
3.5027
-0.2368
-1.7179
-5.4054
-3.7104
-3.3562
-1.7904
0.3378
1.9899
-0.0633
2.831
-0.0577
2.3489
-2.8122
-0.4455
-3.9383
1.2382
-0.1628
6.2969
3.23
6.2791
1.2897
4.8484
0.1472
3.4666
0.3482
1.7471
1.1357
2.0754
3.3643
1.6749
-1.6005
-0.6716
-3.9399
-2.6641
-6.5071
-4.0824
-5.6219
1.4729
0.1809
3.2829
-4.5397
-1.8196
-7.8886
-2.7455
-6.4134
-3.4554
-6.5622
-2.2763
-3.9144
-0.9833
-2.8869
-2.4547
-4.237
-3.4946
-6.4419
-4.0213
-5.0845
-2.5491
-6.1045
-3.605
-8.0081
-5.7399
-12.2282
-8.1721
-11.8277
-5.9305
-8.8257
-3.7337
-5.9702
-3.4503
-9.1643
-4.1319
-6.2481
-4.2233
-5.9494
-5.1652
-6.835
-6.3146
-2.4936
-4.0243
-4.2425
-5.5608
-9.8183
-8.3634
-12.0639
-8.5156
-11.1664
-1.7104
-3.5683
3.0834
-0.7294
1.0014
-7.7258
-4.7321
