0.419303247483012
-2.01988443776978
5.13928982063064
1.46326232085239
5.27517788737155
-1.79119833876238
-1.17170532947956
-5.23292064288413
-1.42662417301407
-1.73756116831585
0.301246993337309
-1.57615575839455
1.00732092553106
0.225707104980200
-0.957378150458454
-1.22127159461071
-3.88292826951534
-4.15005982899596
-4.51237040206380
-1.79862474804639
-3.52947490842496
-0.163551613961488
-0.372715976379049
4.08492534395005
0.316815213252054
2.99211540679624
-3.32114333599442
0.209879763764287
-3.63712575925946
-0.288318876044474
-3.27707877887208
2.88148556193455
-1.66726386666641
3.50278588385228
-0.236827909638140
-1.71792204308574
-5.40544685746337
-3.71040205493610
-3.35623329249900
-1.79048293741565
0.337885141175628
1.98995729786874
-0.0633271724109994
2.83108650681639
-0.0577080757618935
2.34891236696794
-2.81228017157328
-0.445535992010128
-3.93837275259677
1.23827061721892
-0.162836212614756
6.29697512152919
3.23003522772256
6.27914330893397
1.28976158362526
4.84844823060453
0.147267992700018
3.46660401605952
0.348290544486833
1.74713378164005
1.13578258298796
2.07544630949149
3.36437510312973
1.67494939725158
-1.60058119028676
-0.671699377035897
-3.93992094393052
-2.66417938888626
-6.50711400659463
-4.08240262996842
-5.62192024052464
1.47295232281687
0.180927146511145
3.28295699682235
-4.53977482798322
-1.81969467596997
-7.88869909983847
-2.74559749519364
-6.41348318434115
-3.45548321140159
-6.56229936837490
-2.27635147263802
-3.91440360075011
-0.983351773684407
-2.88698726994338
-2.45475590516752
-4.23709703195244
-3.49464407322154
-6.44197952154873
-4.02133905023790
-5.08456073889594
-2.54910212876775
-6.10455066041867
-3.60501479678207
-8.00818615667763
-5.73997649467035
-12.2282841660219
-8.17211428058058
-11.8277872537820
-5.93059364314597
-8.82572272372008
-3.73373557554014
-5.97021078501148
-3.45032039479805
-9.16432326624247
-4.13196889509958
-6.24812425774476
-4.22333612467260
-5.94939997838908
-5.16526344385659
-6.83505002450461
-6.31468954548410
-2.49365764568632
-4.02431804426508
-4.24259873996128
-5.56085666079413
-9.81830821932340
-8.36344683040292
-12.0638997620734
-8.51561851840532
-11.1664932800573
-1.71049563380173
-3.56837664894374
3.08348263636927
-0.729407452797782
1.00144270758078
-7.72586288722372
-4.73219928909374