1.03
-8.58
6.77
-2.26
9.34
-4.4
0.74
-7
2.35
-0.65
0.74
-7.49
-3.38
-5.3
-5.97
-3
-5.92
-4.34
-5.23
-0.8
-8.67
-4.02
-6.77
4.18
-2.84
7.35
-4.54
6.37
-3.08
2.91
-8.05
3.46
-9.95
2.75
-4.2
-4.22
-9.66
-3.26
-2.39
-0.78
0.83
1.27
-6.01
1.1
-3.76
5.77
-3.29
4.76
-3.82
6.66
-0.4
11.85
2.08
9.57
-0.45
11.91
3.98
14.37
6.71
7.91
2.79
1.48
2.41
-1.74
-7.55
-1.65
-6.06
-0.69
-10.13
-6.41
-13.81
0
-5.41
2.21
-14.77
-4.47
-15.76
-0.89
-9.9
-4.87
-16.12
-9.21
-15.47
-8.27
-10.71
-6.03
-6.79
-2.73
-9.97
-6.26
-12.49
-9.88
-20.85
-14.71
-23.29
-14.1
-26.42
-14.22
-23.2
-10.95
-21.68
-12.79
-20.52
-14.33
-26.13
-10.15
-11.73
-4.52
-8.76
-9.07
-16.79
-19.13
-11.98
-15.74
-14.04
-13.66
-20.5
-14.69
-23.78
-17.3
-27.43
-7.82
-14.62
1.72
-5.41
2.46
-15.36
-5.77