1.68
-0.89
-3.02
-6.48
-5.7
-7.49
-2.1
-5.25
2.39
-7.53
0.67
-7.4
1.39
-9.23
-0.02
-7.42
10.71
1.74
15.36
4.54
6.37
-0.78
6.95
2.95
10.42
6.37
7.06
3.53
1.77
0.31
-3.73
1.7
-1.45
0.72
3.08
-11.78
0.31
-5.61
9.52
1.39
11.87
0.92
10.71
1.94
5.77
-6.17
0.85
-1.05
8.14
12.52
14.06
12.94
10.71
6.41
15.85
9.28
20.09
15.47
21.44
9.43
18.62
5.28
12.7
0.38
11.78
10.1
2.15
9.43
0.11
8.67
7.93
12.47
9.39
11.51
5.16
1.45
-4.22
-0.31
-6.06
1.59
-5.77
9.48
-0.13
9.77
-1.52
5.14
-0.25
9.5
-2.28
7.71
-2.1
5.07
1.05
6.24
2.95
11.98
11.73
8.18
9.21
8.29
11.24
5.5
15.47
5.21
13.39
6.88
14.98
1.92
14.44
6.91
17.55
11.91
19.24
9.72
21.75
12.23
17.86
8.16
12.56
6.75
6.01
2.41
-1.34
-3.4
-5.05
0.76
-4.67
2.21
-1.79
-8.61
5.65
-6.57
5.5
-8.87
-0.89
-13.77
-4.18
-10.71
4.63
12.23
2.12
0.02
-2.32
1.14
3
6.57
5.63
4.58
12.72
10.13
13.61
9.68
0.74
8.81
-3.22
8.45
-1.07
11.98
5.7
18.57
5.97
10.19
4.65
10.68
-0.45
2.19
-2.66
3.29
3.78
9.39
6.64
-3.6
-2.91
-7.53
-0.42
-4.92
1.3
-8.14
4.63
0.63
13.46
8.02
8.94
18.19
5.28
11.76
0.38
7.87
1.5
6.95
5.61
5.07
5.88
5.81
3.71
3.15
10.68
7.78
11.13
2.19
9.57
-2.66
6.19
3.69
-6.41
6.3
-5.05
6.68
-0.09
7.11
-4.11
1.1
-9.63
-10.75
-17.21
-15.76
-13.57
-10.97
-6.46
-8.69
-8.2
-17.26
-10.91
-16.79
-12.2
-19.58
-8.61
-24.65
-9.32
-16.34
-0.2
-7.58
-3.51
-17.57
-14.66
-20.05
-6.95
-13.77
-10.75
-11.47
-10.19
-8.4
-6.48
-10.28
-8.69
-15.76
-12.38
-18.37
-4.74
-11.04
-3.46
-14.51
-3.2
-10.35
4.36
4.92
-9.07
-2.37
-9.57
-7.11
-1.56
-5.23
-9.81
-7.98
-4.72
2.75
4.58
5.86
-4.49
0.07
-10.77
0.8
-8.09
-3.02
-15.13
-6.12
-17.21
-6.35
-17.08
-6.5
-19.76
-14.89
-21.01
-15.04
-24.18
-17.39
-15.65
-15.02
-11.06
-8.47
-9.61
-9.68
-0.49
-3.93
-7.11
-0.45
-11.29
-4.47
-14.84
-2.82
-14.69
-1.94
-11.73
-3.04
-9.88
2.12
-9.61
-6.06
-9.97
-4.36
0.67
7.6
6.41
4.54
3.6
1.45
3.11
-8.38
-3.44
-9.7
4.36
-3.89
10.17
0.76
6.35
1.43
13.03
3.22
12.43
1.16
8.76
1.88
9.1
4.9
7.15
-0.89
1.32
5.61
0.63
3.49
0.45
1.7
-1.9
5.95
-1.56
7.55
-0.89
10.59
-6.44
-7.13
6.28
-1.99
9.03
0.42
7.67
-1.97
4.27
1.03
6.24
2.17
1.25
2.35
0.85
8.76
11.02
11.02
0.49
3.55
-1.52
8.07
1.03
-8.58
6.77
-2.26
9.34
-4.4
0.74
-7
2.35
-0.65
0.74
-7.49
-3.38
-5.3
-5.97
-3
-5.92
-4.34
-5.23
-0.8
-8.67
-4.02
-6.77
4.18
-2.84
7.35
-4.54
6.37
-3.08
2.91
-8.05
3.46
-9.95
2.75
-4.2
-4.22
-9.66
-3.26
-2.39
-0.78
0.83
1.27
-6.01
1.1
-3.76
5.77
-3.29
4.76
-3.82
6.66
-0.4
11.85
2.08
9.57
-0.45
11.91
3.98
14.37
6.71
7.91
2.79
1.48
2.41
-1.74
-7.55
-1.65
-6.06
-0.69
-10.13
-6.41
-13.81
0
-5.41
2.21
-14.77
-4.47
-15.76
-0.89
-9.9
-4.87
-16.12
-9.21
-15.47
-8.27
-10.71
-6.03
-6.79
-2.73
-9.97
-6.26
-12.49
-9.88
-20.85
-14.71
-23.29
-14.1
-26.42
-14.22
-23.2
-10.95
-21.68
-12.79
-20.52
-14.33
-26.13
-10.15
-11.73
-4.52
-8.76
-9.07
-16.79
-19.13
-11.98
-15.74
-14.04
-13.66
-20.5
-14.69
-23.78
-17.3
-27.43
-7.82
-14.62
1.72
-5.41
2.46
-15.36
-5.77
-5.23
-7.49
-6.1