0.1111
0.1111
0.1111
341.6108
239.3982
NaN
14.9381
23.6845
29.6671
28.2429
38.8826
53.6463
51.8589
24.8122
23.3863
61.02
100.9365
83.88
0.1111
0.1111
0.1111
0.1111
0.1111
0.1111
341.6108
239.3982
157.5894
147.8514
77.9147
24.6411
23.4911
46.594
70.8271
71.0131
36.8742
47.9548
58.9006
33.8194
14.7742
40.8424
68.9399
55.0713
24.0145
16.059
17.7578
6.8053
13.5917
24.8642
23.7378
12.2589
5.7515
4.7038
12.2234
19.4324
13.6595
10.1627
9.5335
9.4685
8.1672
4.7095
10.0844
16.3807
13.9573
13.8248
14.237
15.9547
10.8413
7.9952
2.5583
10.8174
19.0342
21.8854
21.3517
21.24
23.9664
23.1714
14.9381
23.6845
29.6671
28.2429
38.8826
53.6463
51.8589
24.8122
23.3863
61.02
100.9365
83.88
0.1111
0.1111
0.1111
0.1111
0.1111
0.1111
341.6108
239.3982
157.5894
147.8514
77.9147
24.6411
23.4911
46.594
70.8271
71.0131
36.8742
47.9548
58.9006
33.8194
14.7742
40.8424
68.9399
55.0713
24.0145
16.059
17.7578
6.8053
13.5917
24.8642
23.7378
12.2589
5.7515
4.7038
12.2234
19.4324
13.6595
10.1627
9.5335
9.4685
8.1672
4.7095
10.0844
16.3807
13.9573
13.8248
14.237
15.9547
10.8413
7.9952
2.5583
10.8174
19.0342
21.8854
21.3517
21.24
23.9664
23.1714
14.9381
23.6845
29.6671
28.2429
38.8826
53.6463
51.8589
24.8122
23.3863
61.02
100.9365
83.88
0.1111
0.1111
0.1111
0.1111
0.1111
0.1111
341.6108
239.3982
157.5894
147.8514
77.9147
24.6411
23.4911
46.594
70.8271
71.0131
36.8742
47.9548
58.9006
33.8194
14.7742
40.8424
68.9399
55.0713
24.0145
16.059
17.7578
6.8053
13.5917
24.8642
23.7378
12.2589
5.7515
4.7038
12.2234
19.4324
13.6595
10.1627
9.5335
9.4685
8.1672
4.7095
10.0844
16.3807
13.9573
13.8248
14.237
15.9547
10.8413
7.9952
2.5583
10.8174
19.0342
21.8854
21.3517
21.24
23.9664
23.1714
14.9381
23.6845
29.6671
28.2429
38.8826
53.6463
51.8589
24.8122
23.3863
61.02
100.9365
83.88
0.1111
0.1111
0.1111
0.1111
0.1111
0.1111
341.6108
239.3982
157.5894
147.8514
77.9147
24.6411
23.4911
46.594
70.8271
71.0131
36.8742
47.9548
58.9006
33.8194
14.7742
40.8424
68.9399
55.0713
24.0145
16.059
17.7578
6.8053
13.5917
24.8642
23.7378
12.2589
5.7515
4.7038
12.2234
19.4324
13.6595
10.1627
9.5335
9.4685
8.1672
4.7095
10.0844
16.3807
13.9573
13.8248
14.237
15.9547
10.8413
7.9952
2.5583
10.8174
19.0342
21.8854
21.3517
21.24
23.9664
23.1714
14.9381
23.6845
29.6671
28.2429
38.8826
53.6463
51.8589
24.8122
23.3863
61.02
100.9365
83.88
0.1111
0.1111
0.1111
0.1111
0.1111
0.1111
341.6108
239.3982
157.5894
147.8514
77.9147
24.6411
23.4911
46.594
70.8271
71.0131
36.8742
47.9548
58.9006
33.8194
14.7742
40.8424
68.9399
55.0713
24.0145
16.059
17.7578
6.8053
13.5917
24.8642
23.7378
12.2589
5.7515
4.7038
12.2234
19.4324
13.6595
10.1627
9.5335
9.4685
8.1672
4.7095
10.0844
16.3807
13.9573
13.8248
14.237
15.9547
10.8413
7.9952
2.5583
10.8174
19.0342
21.8854
21.3517
21.24
23.9664
23.1714
14.9381
23.6845
29.6671
28.2429
38.8826
53.6463
51.8589
24.8122
23.3863
61.02
100.9365
83.88
0.1111
0.1111
0.1111
0.1111
0.1111
0.1111
341.6108
239.3982
157.5894
147.8514
77.9147
24.6411
23.4911
46.594
70.8271
71.0131
36.8742
47.9548
58.9006
33.8194
14.7742
40.8424
68.9399
55.0713
24.0145
16.059
17.7578
6.8053
13.5917
24.8642
23.7378
12.2589
5.7515
4.7038
12.2234
19.4324
13.6595
10.1627
9.5335
9.4685
8.1672
4.7095
10.0844
16.3807
13.9573
13.8248
14.237
15.9547
10.8413
7.9952
2.5583
10.8174
19.0342
21.8854
21.3517
21.24
23.9664
23.1714
14.9381
23.6845
29.6671
28.2429
38.8826
53.6463
51.8589
24.8122
23.3863
61.02
100.9365
83.88
0.1111
0.1111
0.1111
0.1111
0.1111
0.1111
341.6108
239.3982
157.5894
147.8514
77.9147
24.6411
23.4911
46.594
70.8271
71.0131
36.8742
47.9548
58.9006
33.8194
14.7742
40.8424
68.9399
55.0713
24.0145
16.059
17.7578
6.8053
13.5917
24.8642
23.7378
12.2589
5.7515
4.7038
12.2234
19.4324
13.6595
10.1627
9.5335
9.4685
8.1672
4.7095
10.0844
16.3807
13.9573
13.8248
14.237
15.9547
10.8413
7.9952
2.5583
10.8174
19.0342
21.8854
21.3517
21.24
23.9664
23.1714
14.9381
23.6845
29.6671
28.2429
38.8826
53.6463
51.8589
24.8122
23.3863
61.02
100.9365
83.88
0.1111
0.1111
0.1111
0.1111
0.1111
0.1111
341.6108
239.3982
157.5894
147.8514
77.9147
24.6411
23.4911
46.594
70.8271
71.0131
36.8742
47.9548
58.9006
33.8194
14.7742
40.8424
68.9399
55.0713
24.0145
16.059
17.7578
6.8053
13.5917
24.8642
23.7378
12.2589
5.7515
4.7038
12.2234
19.4324
13.6595
10.1627
9.5335
9.4685
8.1672
4.7095
10.0844
16.3807
13.9573
13.8248
14.237
15.9547
10.8413
7.9952
2.5583
10.8174
19.0342
21.8854
21.3517
21.24
23.9664
23.1714
14.9381
23.6845
29.6671
28.2429
38.8826
53.6463
51.8589
24.8122
23.3863
61.02
100.9365
83.88
0.1111
0.1111
0.1111
0.1111
0.1111
0.1111
341.6108
239.3982
157.5894
147.8514
77.9147
24.6411
23.4911
46.594
70.8271
71.0131
36.8742
47.9548
58.9006
33.8194
14.7742
40.8424
68.9399
55.0713
24.0145
16.059
17.7578
6.8053
13.5917
24.8642
23.7378
12.2589
5.7515
4.7038
12.2234
19.4324
13.6595
10.1627
9.5335
9.4685
8.1672
4.7095
10.0844
16.3807
13.9573
13.8248
14.237
15.9547
10.8413
7.9952
2.5583
10.8174
19.0342
21.8854
21.3517
21.24
23.9664
23.1714
14.9381
23.6845
29.6671
28.2429
38.8826
53.6463
51.8589
24.8122
23.3863
61.02
100.9365
83.88
0.1111
0.1111
0.1111
0.1111
0.1111
0.1111
341.6108
239.3982
157.5894
147.8514
77.9147
24.6411
23.4911
46.594
70.8271
71.0131
36.8742
47.9548
58.9006
33.8194
14.7742
40.8424
68.9399
55.0713
24.0145
16.059
17.7578
6.8053
13.5917
24.8642
23.7378
12.2589
5.7515
4.7038
12.2234
19.4324
13.6595
10.1627
9.5335
9.4685
8.1672
4.7095
10.0844
16.3807
13.9573
13.8248
14.237
15.9547
10.8413
7.9952
2.5583
10.8174
19.0342
21.8854
21.3517
21.24
23.9664
23.1714
14.9381
23.6845
29.6671
28.2429
38.8826
53.6463
51.8589
24.8122
23.3863
61.02
100.9365
83.88
0.1111
0.1111
0.1111
0.1111
0.1111
0.1111
341.6108
239.3982
157.5894
147.8514
77.9147
24.6411
23.4911
46.594
70.8271
71.0131
36.8742
47.9548
58.9006
33.8194
14.7742
40.8424
68.9399
55.0713
24.0145
16.059
17.7578
6.8053
13.5917
24.8642
23.7378
12.2589
5.7515
4.7038
12.2234
19.4324
13.6595
10.1627
9.5335
9.4685
8.1672
4.7095
10.0844
16.3807
13.9573
13.8248
14.237
15.9547
10.8413
7.9952
2.5583
10.8174
19.0342
21.8854
21.3517
21.24
23.9664
23.1714
14.9381
23.6845
29.6671
28.2429
38.8826
53.6463
51.8589
24.8122
23.3863
61.02
100.9365
83.88
0.1111
0.1111
0.1111
0.1111
0.1111
0.1111
341.6108
239.3982
157.5894
147.8514
77.9147
24.6411
23.4911
46.594
70.8271
71.0131
36.8742
47.9548
58.9006
33.8194
14.7742
40.8424
68.9399
55.0713
24.0145
16.059
17.7578
6.8053
13.5917
24.8642
23.7378
12.2589
5.7515
4.7038
12.2234
19.4324
13.6595
10.1627
9.5335
9.4685
8.1672
4.7095
10.0844
16.3807
13.9573
13.8248
14.237
15.9547
10.8413
7.9952
2.5583
10.8174
19.0342
21.8854
21.3517
21.24
23.9664
23.1714
14.9381
23.6845
29.6671
28.2429
38.8826
53.6463
51.8589
24.8122
23.3863
61.02
100.9365
83.88
0.1111
0.1111
0.1111
0.1111
0.1111
0.1111
341.6108
239.3982
157.5894
147.8514
77.9147
24.6411
23.4911
46.594
70.8271
71.0131
36.8742
47.9548
58.9006
33.8194
14.7742
40.8424
68.9399
55.0713
24.0145
16.059
17.7578
6.8053
13.5917
24.8642
23.7378
12.2589
5.7515
4.7038
12.2234
19.4324
13.6595
10.1627
9.5335
9.4685
8.1672
4.7095
10.0844
16.3807
13.9573
13.8248
14.237
15.9547
10.8413
7.9952
2.5583
10.8174
19.0342
21.8854
21.3517
21.24
23.9664
23.1714
14.9381
23.6845
29.6671
28.2429
38.8826
53.6463
51.8589
24.8122
23.3863
61.02
100.9365
83.88
0.1111
0.1111
0.1111
0.1111
0.1111
0.1111
341.6108
239.3982
157.5894
147.8514
77.9147
24.6411
23.4911
46.594
70.8271
71.0131
36.8742
47.9548
58.9006
33.8194
14.7742
40.8424
68.9399
55.0713
24.0145
16.059
17.7578
6.8053
13.5917
24.8642
23.7378
12.2589
5.7515
4.7038
12.2234
19.4324
13.6595
10.1627
9.5335
9.4685
8.1672
4.7095
10.0844
16.3807
13.9573
13.8248
14.237
15.9547
10.8413
7.9952
2.5583
10.8174
19.0342
21.8854
21.3517
21.24
23.9664
23.1714
14.9381
23.6845
29.6671
28.2429
38.8826
53.6463
51.8589
24.8122
23.3863
61.02
100.9365
83.88
0.1111
0.1111
0.1111
0.1111
0.1111
0.1111
341.6108
239.3982
157.5894
147.8514
77.9147
24.6411
23.4911
46.594
70.8271
71.0131
36.8742
47.9548
58.9006
33.8194
14.7742
40.8424
68.9399
55.0713
24.0145
16.059
17.7578
6.8053
13.5917
24.8642
23.7378
12.2589
5.7515
4.7038
12.2234
19.4324
13.6595
10.1627
9.5335
9.4685
8.1672
4.7095
10.0844
16.3807
13.9573
13.8248
14.237
15.9547
10.8413
7.9952
2.5583
10.8174
19.0342
21.8854
21.3517
21.24
23.9664
23.1714
14.9381
23.6845
29.6671
28.2429
38.8826
53.6463
51.8589
24.8122
23.3863
61.02
100.9365
83.88
0.1111
0.1111
0.1111
0.1111
0.1111
0.1111
341.6108
239.3982
157.5894
147.8514
77.9147
24.6411
23.4911
46.594
70.8271
71.0131
36.8742
47.9548
58.9006
33.8194
14.7742
40.8424
68.9399
55.0713
24.0145
16.059
17.7578
6.8053
13.5917
24.8642
23.7378
12.2589
5.7515
4.7038
12.2234
19.4324
13.6595
10.1627
9.5335
9.4685
8.1672
4.7095
10.0844
16.3807
13.9573
13.8248
14.237
15.9547
10.8413
7.9952
2.5583
10.8174
19.0342
21.8854
21.3517
21.24
23.9664
23.1714
14.9381
23.6845
29.6671
28.2429
38.8826
53.6463
51.8589
24.8122
23.3863
61.02
100.9365
83.88
0.1111
0.1111
0.1111
0.1111
0.1111
0.1111
341.6108
239.3982
157.5894
147.8514
77.9147
24.6411
23.4911
46.594
70.8271
71.0131
36.8742
47.9548
58.9006
33.8194
14.7742
40.8424
68.9399
55.0713
24.0145
16.059
17.7578
6.8053
13.5917
24.8642
23.7378
12.2589
5.7515
4.7038
12.2234
19.4324
13.6595
10.1627
9.5335
9.4685
8.1672
4.7095
10.0844
16.3807
13.9573
13.8248
14.237
15.9547
10.8413
7.9952
2.5583
10.8174
19.0342
21.8854
21.3517
21.24
23.9664
23.1714
14.9381
23.6845
29.6671
28.2429
38.8826
53.6463
51.8589
24.8122
23.3863
61.02
100.9365
83.88
0.1111
0.1111
0.1111
0.1111
0.1111
0.1111
341.6108
239.3982
157.5894
147.8514
77.9147
24.6411
23.4911
46.594
70.8271
71.0131
36.8742
47.9548
58.9006
33.8194
14.7742
40.8424
68.9399
55.0713
24.0145
16.059
17.7578
6.8053
13.5917
24.8642
23.7378
12.2589
5.7515
4.7038
12.2234
19.4324
13.6595
10.1627
9.5335
9.4685
8.1672
4.7095
10.0844
16.3807
13.9573
13.8248
14.237
15.9547
10.8413
7.9952
2.5583
10.8174
19.0342
21.8854
21.3517
21.24
23.9664
23.1714
14.9381
23.6845
29.6671
28.2429
38.8826
53.6463
51.8589
24.8122
23.3863
61.02
100.9365
83.88
0.1111
0.1111
0.1111
0.1111
0.1111
0.1111
341.6108
239.3982
157.5894
147.8514
77.9147
24.6411
23.4911
46.594
70.8271
71.0131
36.8742
47.9548
58.9006
33.8194
14.7742
40.8424
68.9399
55.0713
24.0145
16.059
17.7578
6.8053
13.5917
24.8642
23.7378
12.2589
5.7515
4.7038
12.2234
19.4324
13.6595
10.1627
9.5335
9.4685
8.1672
4.7095
10.0844
16.3807
13.9573
13.8248
14.237
15.9547
10.8413
7.9952
2.5583
10.8174
19.0342
21.8854
21.3517
21.24
23.9664
23.1714
14.9381
23.6845
29.6671
28.2429
38.8826
53.6463
51.8589
24.8122
23.3863
61.02
100.9365
83.88
0.1111
0.1111
0.1111
0.1111
0.1111
0.1111
341.6108
239.3982
157.5894
147.8514
77.9147
24.6411
23.4911
46.594
70.8271
71.0131
36.8742
47.9548
58.9006
33.8194
14.7742
40.8424
68.9399
55.0713
24.0145
16.059
17.7578
6.8053
13.5917
24.8642
23.7378
12.2589
5.7515
4.7038
12.2234
19.4324
13.6595
10.1627
9.5335
9.4685
8.1672
4.7095
10.0844
16.3807
13.9573
13.8248
14.237
15.9547
10.8413
7.9952
2.5583
10.8174
19.0342
21.8854
21.3517
21.24
23.9664
23.1714
14.9381
23.6845
29.6671
28.2429
38.8826
53.6463
51.8589
24.8122
23.3863
61.02
100.9365
83.88
0.1111
0.1111
0.1111
0.1111
0.1111
0.1111
341.6108
239.3982
157.5894
147.8514
77.9147
24.6411
23.4911
46.594
70.8271
71.0131
36.8742
47.9548
58.9006
33.8194
14.7742
40.8424
68.9399
55.0713
24.0145
16.059
17.7578
6.8053
13.5917
24.8642
23.7378
12.2589
5.7515
4.7038
12.2234
19.4324
13.6595
10.1627
9.5335
9.4685
8.1672
4.7095
10.0844
16.3807
13.9573
13.8248
14.237
15.9547
10.8413
7.9952
2.5583
10.8174
19.0342
21.8854
21.3517
21.24
23.9664
23.1714
14.9381
23.6845
29.6671
28.2429
38.8826
53.6463
51.8589
24.8122
23.3863
61.02
100.9365
83.88
0.1111
0.1111
0.1111
0.1111
0.1111
0.1111
341.6108
239.3982
157.5894
147.8514
77.9147
24.6411
23.4911
46.594
70.8271
71.0131
36.8742
47.9548
58.9006
33.8194
14.7742
40.8424
68.9399
55.0713
24.0145
16.059
17.7578
6.8053
13.5917
24.8642
23.7378
12.2589
5.7515
4.7038
12.2234
19.4324
13.6595
10.1627
9.5335
9.4685
8.1672
4.7095
10.0844
16.3807
13.9573
13.8248
14.237
15.9547
10.8413
7.9952
2.5583
10.8174
19.0342
21.8854
21.3517
21.24
23.9664
23.1714
14.9381
23.6845
29.6671
28.2429
38.8826
53.6463
51.8589
24.8122
23.3863
61.02
100.9365
83.88
0.1111
0.1111
0.1111
0.1111
0.1111
0.1111
341.6108
239.3982
157.5894
147.8514
77.9147
24.6411
23.4911
46.594
70.8271
71.0131
36.8742
47.9548
58.9006
33.8194
14.7742
40.8424
68.9399
55.0713
24.0145
16.059
17.7578
6.8053
13.5917
24.8642
23.7378
12.2589
5.7515
4.7038
12.2234
19.4324
13.6595
10.1627
9.5335
9.4685
8.1672
4.7095
10.0844
16.3807
13.9573
13.8248
14.237
15.9547
10.8413
7.9952
2.5583
10.8174
19.0342
21.8854
21.3517
21.24
23.9664
23.1714
14.9381
23.6845
29.6671
28.2429
38.8826
53.6463
51.8589
24.8122
23.3863
61.02
100.9365
83.88
0.1111
0.1111
0.1111
0.1111
0.1111
0.1111
341.6108
239.3982
157.5894
147.8514
77.9147
24.6411
23.4911
46.594
70.8271
71.0131
36.8742
47.9548
58.9006
33.8194
14.7742
40.8424
68.9399
55.0713
24.0145
16.059
17.7578
6.8053
13.5917
24.8642
23.7378
12.2589
5.7515
4.7038
12.2234
19.4324
13.6595
10.1627
9.5335
9.4685
8.1672
4.7095
10.0844
16.3807
13.9573
13.8248
14.237
15.9547
10.8413
7.9952
2.5583
10.8174
19.0342
21.8854
21.3517
21.24
23.9664
23.1714
14.9381
23.6845
29.6671
28.2429
38.8826
53.6463
51.8589
24.8122
23.3863
61.02
100.9365
83.88
0.1111
0.1111
0.1111
0.1111
0.1111
0.1111
341.6108
239.3982
157.5894
147.8514
77.9147
24.6411
23.4911
46.594
70.8271
71.0131
36.8742
47.9548
58.9006
33.8194
14.7742
40.8424
68.9399
55.0713
24.0145
16.059
17.7578
6.8053
13.5917
24.8642
23.7378
12.2589
5.7515
4.7038
12.2234
19.4324
13.6595
10.1627
9.5335
9.4685
8.1672
4.7095
10.0844
16.3807
13.9573
13.8248
14.237
15.9547
10.8413
7.9952
2.5583
10.8174
19.0342
21.8854
21.3517
21.24
23.9664
23.1714
14.9381
23.6845
29.6671
28.2429
38.8826
53.6463
51.8589
24.8122
23.3863
61.02
100.9365
83.88
0.1111
0.1111
0.1111
0.1111
0.1111
0.1111
341.6108
239.3982
157.5894
147.8514
77.9147
24.6411
23.4911
46.594
70.8271
71.0131
36.8742
47.9548
58.9006
33.8194
14.7742
40.8424
68.9399
55.0713
24.0145
16.059
17.7578
6.8053
13.5917
24.8642
23.7378
12.2589
5.7515
4.7038
12.2234
19.4324
13.6595
10.1627
9.5335
9.4685
8.1672
4.7095
10.0844
16.3807
13.9573
13.8248
14.237
15.9547
10.8413
7.9952
2.5583
10.8174
19.0342
21.8854
21.3517
21.24
23.9664
23.1714
14.9381
23.6845
29.6671
28.2429
38.8826
53.6463
51.8589
24.8122
23.3863
61.02
100.9365
83.88
0.1111
0.1111
0.1111
0.1111
0.1111
0.1111
341.6108
239.3982
157.5894
147.8514
77.9147
24.6411
23.4911
46.594
70.8271
71.0131
36.8742
47.9548
58.9006
33.8194
14.7742
40.8424
68.9399
55.0713
24.0145
16.059
17.7578
6.8053
13.5917
24.8642
23.7378
12.2589
5.7515
4.7038
12.2234
19.4324
13.6595
10.1627
9.5335
9.4685
8.1672
4.7095
10.0844
16.3807
13.9573
13.8248
14.237
15.9547
10.8413
7.9952
2.5583
10.8174
19.0342
21.8854
21.3517
21.24
23.9664
23.1714
14.9381
23.6845
29.6671
28.2429
38.8826
53.6463
51.8589
24.8122
23.3863
61.02
100.9365
83.88
0.1111
0.1111
0.1111
0.1111
0.1111
0.1111
341.6108
239.3982
157.5894
147.8514
77.9147
24.6411
23.4911
46.594
70.8271
71.0131
36.8742
47.9548
58.9006
33.8194
14.7742
40.8424
68.9399
55.0713
24.0145
16.059
17.7578
6.8053
13.5917
24.8642
23.7378
12.2589
5.7515
4.7038
12.2234
19.4324
13.6595
10.1627
9.5335
9.4685
8.1672
4.7095
10.0844
16.3807
13.9573
13.8248
14.237
15.9547
10.8413
7.9952
2.5583
10.8174
19.0342
21.8854
21.3517
21.24
23.9664
23.1714
14.9381
23.6845
29.6671
28.2429
38.8826
53.6463
51.8589
24.8122
23.3863
61.02
100.9365
83.88
0.1111
0.1111
0.1111
0.1111
0.1111
0.1111
341.6108
239.3982
157.5894
147.8514
77.9147
24.6411
23.4911
46.594
70.8271
71.0131
36.8742
47.9548
58.9006
33.8194
14.7742
40.8424
68.9399
55.0713
24.0145
16.059
17.7578
6.8053
13.5917
24.8642
23.7378
12.2589
5.7515
4.7038
12.2234
19.4324
13.6595
10.1627
9.5335
9.4685
8.1672
4.7095
10.0844
16.3807
13.9573
13.8248
14.237
15.9547
10.8413
7.9952
2.5583
10.8174
19.0342
21.8854
21.3517
21.24
23.9664
23.1714
14.9381
23.6845
29.6671
28.2429
38.8826
53.6463
51.8589
24.8122
23.3863
61.02
100.9365
83.88
0.1111
0.1111
0.1111
0.1111
0.1111
0.1111
341.6108
239.3982
157.5894
147.8514
77.9147
24.6411
23.4911
46.594
70.8271
71.0131
36.8742
47.9548
58.9006
33.8194
14.7742
40.8424
68.9399
55.0713
24.0145
16.059
17.7578
6.8053
13.5917
24.8642
23.7378
12.2589
5.7515
4.7038
12.2234
19.4324
13.6595
10.1627
9.5335
9.4685
8.1672
4.7095
10.0844
16.3807
13.9573
13.8248
14.237
15.9547
10.8413
7.9952
2.5583
10.8174
19.0342
21.8854
21.3517
21.24
23.9664
23.1714
14.9381
23.6845
29.6671
28.2429
38.8826
53.6463
51.8589
24.8122
23.3863
61.02
100.9365
83.88
0.1111
0.1111
0.1111
0.1111
0.1111
0.1111
341.6108
239.3982
157.5894
147.8514
77.9147
24.6411
23.4911
46.594
70.8271
71.0131
36.8742
47.9548
58.9006
33.8194
14.7742
40.8424
68.9399
55.0713
24.0145
16.059
17.7578
6.8053
13.5917
24.8642
23.7378
12.2589
5.7515
4.7038
12.2234
19.4324
13.6595
10.1627
9.5335
9.4685
8.1672
4.7095
10.0844
16.3807
13.9573
13.8248
14.237
15.9547
10.8413
7.9952
2.5583
10.8174
19.0342
21.8854
21.3517
21.24
23.9664
23.1714
14.9381
23.6845
29.6671
28.2429
38.8826
53.6463
51.8589
24.8122
23.3863
61.02
100.9365
83.88
0.1111
0.1111
0.1111
0.1111
0.1111
0.1111
341.6108
239.3982
157.5894
147.8514
77.9147
24.6411
23.4911
46.594
70.8271
71.0131
36.8742
47.9548
58.9006
33.8194
14.7742
40.8424
68.9399
55.0713
24.0145
16.059
17.7578
6.8053
13.5917
24.8642
23.7378
12.2589
5.7515
4.7038
12.2234
19.4324
13.6595
10.1627
9.5335
9.4685
8.1672
4.7095
10.0844
16.3807
13.9573
13.8248
14.237
15.9547
10.8413
7.9952
2.5583
10.8174
19.0342
21.8854
21.3517
21.24
23.9664
23.1714
14.9381
23.6845
29.6671
28.2429
38.8826
53.6463
51.8589
24.8122
23.3863
61.02
100.9365
83.88
0.1111
0.1111
0.1111
0.1111
0.1111
0.1111
341.6108
239.3982
157.5894
147.8514
77.9147
24.6411
23.4911
46.594
70.8271
71.0131
36.8742
47.9548
58.9006
33.8194
14.7742
40.8424
68.9399
55.0713
24.0145
16.059
17.7578
6.8053
13.5917
24.8642
23.7378
12.2589
5.7515
4.7038
12.2234
19.4324
13.6595
10.1627
9.5335
9.4685
8.1672
4.7095
10.0844
16.3807
13.9573
13.8248
14.237
15.9547
10.8413
7.9952
2.5583
10.8174
19.0342
21.8854
21.3517
21.24
23.9664
23.1714
14.9381
23.6845
29.6671
28.2429
38.8826
53.6463
51.8589
24.8122
23.3863
61.02
100.9365
83.88
0.1111
0.1111
0.1111
0.1111
0.1111
0.1111
341.6108
239.3982
157.5894
147.8514
77.9147
24.6411
23.4911
46.594
70.8271
71.0131
36.8742
47.9548
58.9006
33.8194
14.7742
40.8424
68.9399
55.0713
24.0145
16.059
17.7578
6.8053
13.5917
24.8642
23.7378
12.2589
5.7515
4.7038
12.2234
19.4324
13.6595
10.1627
9.5335
9.4685
8.1672
4.7095
10.0844
16.3807
13.9573
13.8248
14.237
15.9547
10.8413
7.9952
2.5583
10.8174
19.0342
21.8854
21.3517
21.24
23.9664
23.1714
14.9381
23.6845
29.6671
28.2429
38.8826
53.6463
51.8589
24.8122
23.3863
61.02
100.9365
83.88
0.1111
0.1111
0.1111
0.1111
0.1111
0.1111
341.6108
239.3982
157.5894
147.8514
77.9147
24.6411
23.4911
46.594
70.8271
71.0131
36.8742
47.9548
58.9006
33.8194
14.7742
40.8424
68.9399
55.0713
24.0145
16.059
17.7578
6.8053
13.5917
24.8642
23.7378
12.2589
5.7515
4.7038
12.2234
19.4324
13.6595
10.1627
9.5335
9.4685
8.1672
4.7095
10.0844
16.3807
13.9573
13.8248
14.237
15.9547
10.8413
7.9952
2.5583
10.8174
19.0342
21.8854
21.3517
21.24
23.9664
23.1714
14.9381
23.6845
29.6671
28.2429
38.8826
53.6463
51.8589
24.8122
23.3863
61.02
100.9365
83.88
0.1111
0.1111
0.1111
0.1111
0.1111
0.1111
341.6108
239.3982
157.5894
147.8514
77.9147
24.6411
23.4911
46.594
70.8271
71.0131
36.8742
47.9548
58.9006
33.8194
14.7742
40.8424
68.9399
55.0713
24.0145
16.059
17.7578
6.8053
13.5917
24.8642
23.7378
12.2589
5.7515
4.7038
12.2234
19.4324
13.6595
10.1627
9.5335
9.4685
8.1672
4.7095
10.0844
16.3807
13.9573
13.8248
14.237
15.9547
10.8413
7.9952
2.5583
10.8174
19.0342
21.8854
21.3517
21.24
23.9664
23.1714
14.9381
23.6845
29.6671
28.2429
38.8826
53.6463
51.8589
24.8122
23.3863
61.02
100.9365
83.88
0.1111
0.1111
0.1111
0.1111
0.1111
0.1111
341.6108
239.3982
157.5894
147.8514
77.9147
24.6411
23.4911
46.594
70.8271
71.0131
36.8742
47.9548
58.9006
33.8194
14.7742
40.8424
68.9399
55.0713
24.0145
16.059
17.7578
6.8053
13.5917
24.8642
23.7378
12.2589
5.7515
4.7038
12.2234
19.4324
13.6595
10.1627
9.5335
9.4685
8.1672
4.7095
10.0844
16.3807
13.9573
13.8248
14.237
15.9547
10.8413
7.9952
2.5583
10.8174
19.0342
21.8854
21.3517
21.24
23.9664
23.1714
14.9381
23.6845
29.6671
28.2429
38.8826
53.6463
51.8589
24.8122
23.3863
61.02
100.9365
83.88
0.1111
0.1111
0.1111
0.1111
0.1111
0.1111
341.6108
239.3982
157.5894
147.8514
77.9147
24.6411
23.4911
46.594
70.8271
71.0131
36.8742
47.9548
58.9006
33.8194
14.7742
40.8424
68.9399
55.0713
24.0145
16.059
17.7578
6.8053
13.5917
24.8642
23.7378
12.2589
5.7515
4.7038
12.2234
19.4324
13.6595
10.1627
9.5335
9.4685
8.1672
4.7095
10.0844
16.3807
13.9573
13.8248
14.237
15.9547
10.8413
7.9952
2.5583
10.8174
19.0342
21.8854
21.3517
21.24
23.9664
23.1714
14.9381
23.6845
29.6671
28.2429
38.8826
53.6463
51.8589
24.8122
23.3863
61.02
100.9365
83.88
0.1111
0.1111
0.1111
0.1111
0.1111
0.1111
341.6108
239.3982
157.5894
147.8514
77.9147
24.6411
23.4911
46.594
70.8271
71.0131
36.8742
47.9548
58.9006
33.8194
14.7742
40.8424
68.9399
55.0713
24.0145
16.059
17.7578
6.8053
13.5917
24.8642
23.7378
12.2589
5.7515
4.7038
12.2234
19.4324
13.6595
10.1627
9.5335
9.4685
8.1672
4.7095
10.0844
16.3807
13.9573
13.8248
14.237
15.9547
10.8413
7.9952
2.5583
10.8174
19.0342
21.8854
21.3517
21.24
23.9664
23.1714
14.9381
23.6845
29.6671
28.2429
38.8826
53.6463
51.8589
24.8122
23.3863
61.02
100.9365
83.88
0.1111
0.1111
0.1111
0.1111
0.1111
0.1111
341.6108
239.3982
157.5894
147.8514
77.9147
24.6411
23.4911
46.594
70.8271
71.0131
36.8742
47.9548
58.9006
33.8194
14.7742
40.8424
68.9399
55.0713
24.0145
16.059
17.7578
6.8053
13.5917
24.8642
23.7378
12.2589
5.7515
4.7038
12.2234
19.4324
13.6595
10.1627
9.5335
9.4685
8.1672
4.7095
10.0844
16.3807
13.9573
13.8248
14.237
15.9547
10.8413
7.9952
2.5583
10.8174
19.0342
21.8854
21.3517
21.24
23.9664
23.1714
14.9381
23.6845
29.6671
28.2429
38.8826
53.6463
51.8589
24.8122
23.3863
61.02
100.9365
83.88
0.1111
0.1111
0.1111
0.1111
0.1111
0.1111
341.6108
239.3982
157.5894
147.8514
77.9147
24.6411
23.4911
46.594
70.8271
71.0131
36.8742
47.9548
58.9006
33.8194
14.7742
40.8424
68.9399
55.0713
24.0145
16.059
17.7578
6.8053
13.5917
24.8642
23.7378
12.2589
5.7515
4.7038
12.2234
19.4324
13.6595
10.1627
9.5335
9.4685
8.1672
4.7095
10.0844
16.3807
13.9573
13.8248
14.237
15.9547
10.8413
7.9952
2.5583
10.8174
19.0342
21.8854
21.3517
21.24
23.9664
23.1714
14.9381
23.6845
29.6671
28.2429
38.8826
53.6463
51.8589
24.8122
23.3863
61.02
100.9365
83.88
0.1111
0.1111
0.1111
0.1111
0.1111
0.1111
341.6108
239.3982
157.5894
147.8514
77.9147
24.6411
23.4911
46.594
70.8271
71.0131
36.8742
47.9548
58.9006
33.8194
14.7742
40.8424
68.9399
55.0713
24.0145
16.059
17.7578
6.8053
13.5917
24.8642
23.7378
12.2589
5.7515
4.7038
12.2234
19.4324
13.6595
10.1627
9.5335
9.4685
8.1672
4.7095
10.0844
16.3807
13.9573
13.8248
14.237
15.9547
10.8413
7.9952
2.5583
10.8174
19.0342
21.8854
21.3517
21.24
23.9664
23.1714
14.9381
23.6845
29.6671
28.2429
38.8826
53.6463
51.8589
24.8122
23.3863
61.02
100.9365
83.88
0.1111
0.1111
0.1111
0.1111
0.1111
0.1111
341.6108
239.3982
157.5894
147.8514
77.9147
24.6411
23.4911
46.594
70.8271
71.0131
36.8742
47.9548
58.9006
33.8194
14.7742
40.8424
68.9399
55.0713
24.0145
16.059
17.7578
6.8053
13.5917
24.8642
23.7378
12.2589
5.7515
4.7038
12.2234
19.4324
13.6595
10.1627
9.5335
9.4685
8.1672
4.7095
10.0844
16.3807
13.9573
13.8248
14.237
15.9547
10.8413
7.9952
2.5583
10.8174
19.0342
21.8854
21.3517
21.24
23.9664
23.1714
14.9381
23.6845
29.6671
28.2429
38.8826
53.6463
51.8589
24.8122
23.3863
61.02
100.9365
83.88
0.1111
0.1111
0.1111
