0.00E+00
5.88E-01
9.51E-01
9.51E-01
5.88E-01
1.22E-16
-5.88E-01
-9.51E-01
-9.51E-01
-0.587785252
-2.45E-16
5.88E-01
9.51E-01
9.51E-01
5.88E-01
3.67E-16
-5.88E-01
-9.51E-01
-9.51E-01
-5.88E-01
-4.90E-16
5.88E-01
9.51E-01
9.51E-01
5.88E-01
-1.16E-15
-5.88E-01
-9.51E-01
-9.51E-01
-5.88E-01
-7.35E-16
5.88E-01
9.51E-01
9.51E-01
5.88E-01
-2.70E-15
-5.88E-01
-9.51E-01
-9.51E-01
-5.88E-01
-9.80E-16
5.88E-01
9.51E-01
9.51E-01
5.88E-01
1.10E-15
-5.88E-01
-9.51E-01
-9.51E-01
-5.88E-01
2.33E-15
5.88E-01
9.51E-01
9.51E-01
5.88E-01
-2.21E-15
-5.88E-01
-9.51E-01
-9.51E-01
-5.88E-01
-1.47E-15
5.88E-01
9.51E-01
9.51E-01
0.587785252
-1.96E-15
-0.587785252
-0.951056516
-0.951056516
-0.587785252
5.39E-15
0.587785252
0.951056516
0.951056516
0.587785252
-1.72E-15
-0.587785252
-0.951056516
-0.951056516
-0.587785252
-1.96E-15
0.587785252
0.951056516
0.951056516
0.587785252
-1.47E-15
-0.587785252
-0.951056516
-0.951056516
-0.587785252
-2.20E-15
0.587785252
0.951056516
0.951056516
0.587785252
-1.23E-15
-0.587785252
-0.951056516
-0.951056516
-0.587785252
4.66E-15
0.587785252
0.951056516
0.951056516
0.587785252
-9.81E-16
-0.587785252
-0.951056516
-0.951056516
-0.587785252
4.41E-15
0.587785252
0.951056516
0.951056516
0.587785252
-7.84E-15
-0.587785252
-0.951056516
-0.951056516
-0.587785252
-2.94E-15
0.587785252
0.951056516
0.951056516
0.587785252
-4.91E-16
-0.587785252
-0.951056516
