0
0.771247848988532
0.771247848988532
0.182066919861786
-0.182066919861786
-6.13777341435156e-17
0.182066919861786
-0.182066919861786
-0.771247848988532
-0.771247848988531
-3.68266404861093e-16
0.771247848988532
0.771247848988531
0.182066919861784
-0.182066919861786
-1.84133202430547e-16
0.182066919861786
-0.182066919861787
-0.771247848988533
-0.771247848988532
-7.36532809722187e-16
0.771247848988533
0.771247848988532
0.182066919861786
-0.182066919861786
5.83398699556319e-16
0.182066919861786
-0.182066919861785
-0.771247848988531
-0.771247848988532
-1.10479921458328e-15
0.771247848988531
0.771247848988532
0.182066919861783
-0.182066919861786
1.35093060154318e-15
0.182066919861786
-0.182066919861785
-0.771247848988531
-0.771247848988532
-1.47306561944437e-15
0.771247848988534
0.771247848988530
0.182066919861783
-0.182066919861786
-5.52399607291640e-16
0.182066919861786
-0.182066919861785
-0.771247848988533
-0.771247848988530
3.50039219733791e-15
0.771247848988533
0.771247848988528
0.182066919861784
-0.182066919861786
1.10541966496912e-15
0.182066919861786
-0.182066919861788
-0.771247848988531
-0.771247848988530
-2.20959842916656e-15
0.771247848988533
0.771247848988533
0.182066919861784
-0.182066919861786
9.82664196682090e-16
0.182066919861785
-0.182066919861788
-0.771247848988535
-0.771247848988530
8.10558360925910e-15
0.771247848988533
0.771247848988528
0.182066919861791
-0.182066919861786
8.59908728395059e-16
0.182066919861786
-0.182066919861787
-0.771247848988530
-0.771247848988531
-2.94613123888875e-15
0.771247848988533
0.771247848988528
0.182066919861784
-0.182066919861786
7.37153260108028e-16
0.182066919861785
-0.182066919861794
-0.771247848988530
-0.771247848988536
-3.31439764374984e-15
0.771247848988533
0.771247848988533
0.182066919861785
-0.182066919861786
6.14397791820997e-16
0.182066919861785
-0.182066919861787
-0.771247848988535
-0.771247848988531
7.00078439467582e-15
0.771247848988532
0.771247848988529
0.182066919861778
-0.182066919861787
4.91642323533966e-16
0.182066919861785
-0.182066919861780
-0.771247848988530
-0.771247848988531
6.63251798981473e-15
0.771247848988537
0.771247848988534
0.182066919861785
-0.182066919861786
3.93003633634252e-15
0.182066919861786
-0.182066919861787
-0.771247848988534
-0.771247848988526
-4.41919685833312e-15
0.771247848988532
0.771247848988529
0.182066919861792
-0.182066919861786
2.46131386959903e-16
0.182066919861786
-0.182066919861793
-0.771247848988530
-0.771247848988531
5.89598518009254e-15
0.771247848988537
0.771247848988524
0.182066919861786
-0.182066919861786
3.68452539976846e-15
0.182066919861785
-0.182066919861786
-0.771247848988534
-0.771247848988527
1.62111672185182e-14
0.771247848988542
0.771247848988529
0.182066919861779
-0.182066919861787
6.20450385841134e-19
0.182066919861787
-0.182066919861779
-0.771247848988529
-0.771247848988532
5.15945237037036e-15
0.771247848988527
0.771247848988534
0.182066919861786
-0.182066919861786
3.43901446319440e-15
0.182066919861786
-0.182066919861786
-0.771247848988534
-0.771247848988527
-5.89226247777750e-15
0.771247848988531
0.771247848988530
0.182066919861779
-0.182066919861787
-2.44890486188221e-16
0.182066919861786
-0.182066919861792
-0.771247848988538
-0.771247848988522
4.42291956064817e-15
0.771247848988536
0.771247848988525
0.182066919861773
-0.182066919861787
3.19350352662033e-15
0.182066919861786
-0.182066919861785
-0.771247848988524
-0.771247848988537
-6.62879528749968e-15
0.771247848988531
0.771247848988530
0.182066919861794
-0.182066919861785
-4.90401422762283e-16
0.182066919861786
-0.182066919861792
-0.771247848988529
-0.771247848988532
3.68638675092598e-15
0.771247848988536
0.771247848988526
0.182066919861787
-0.182066919861786
2.94799259004627e-15
0.182066919861785
-0.182066919861798
-0.771247848988533
-0.771247848988528
1.40015687893516e-14
0.771247848988541
0.771247848988530
0.182066919861780
-0.182066919861787
6.38638660285482e-15
0.182066919861784
-0.182066919861805
-0.771247848988547
-0.771247848988533
2.94985394120379e-15
0.771247848988536
0.771247848988526
0.182066919861801
-0.182066919861785
-4.41981730871896e-15
0.182066919861786
-0.182066919861784
-0.771247848988533
-0.771247848988528
1.32650359796295e-14
0.771247848988541
0.771247848988521
0.182066919861795
-0.182066919861785
-9.81423295910408e-16
0.182066919861786
-0.182066919861791
-0.771247848988537
-0.771247848988523
2.35802180180551e-14
0.771247848988545
0.771247848988536
0.182066919861788
-0.182066919861786
2.45697071689815e-15
0.182066919861785
-0.182066919861797
-0.771247848988542
-0.771247848988518
-8.83839371666624e-15
0.771247848988530
0.771247848988531
0.182066919861781
-0.182066919861787
5.89536472970670e-15
0.182066919861787
-0.182066919861777
-0.771247848988528
-0.771247848988534
1.47678832175942e-15
0.771247848988535
0.771247848988526
0.182066919861775
-0.182066919861787
-4.91083918186709e-15
0.182066919861786
-0.182066919861783
-0.771247848988532
-0.771247848988529
1.17919703601851e-14
0.771247848988540
0.771247848988522
0.182066919861768
-0.182066919861788
-1.47244516905853e-15
0.182066919861786
-0.182066919861790
-0.771247848988537
-0.771247848988524
2.21071523986107e-14
0.771247848988545
0.771247848988517
0.182066919861762
-0.182066919861786
1.96594884375002e-15
0.182066919861785
-0.182066919861797
-0.771247848988541
-0.771247848988519
3.24223344370364e-14
0.771247848988550
0.771247848988513
0.182066919861755
-0.182066919861787
5.40434285655858e-15
0.182066919861785
-0.182066919861803
-0.771247848988546
-0.771247848988514
4.27375164754621e-14
0.771247848988555
0.771247848988546
0.182066919861803
-0.182066919861785
-5.40186105501521e-15
0.182066919861787
-0.182066919861782
-0.771247848988532
-0.771247848988529
1.03189047407407e-14
0.771247848988519
0.771247848988541
0.182066919861797
-0.182066919861785
-1.96346704220666e-15
0.182066919861786
-0.182066919861789
-0.771247848988536
-0.771247848988524
2.06340867791664e-14
0.771247848988524
0.771247848988537
0.182066919861790
-0.182066919861786
1.47492697060190e-15
0.182066919861785
-0.182066919861796
-0.771247848988541
-0.771247848988520
-1.17845249555550e-14
0.771247848988529
0.771247848988532
0.182066919861783
-0.182066919861786
-9.33127694097189e-15
0.182066919861787
-0.182066919861775
-0.771247848988508
-0.771247848988555
-4.42031366902763e-14
0.771247848988513
0.771247848988546
0.182066919861804
-0.182066919861784
-5.89288292816334e-15
0.182066919861787
-0.182066919861754
-0.771247848988512
-0.771247848988550
-3.38879546518507e-14
0.771247848988518
0.771247848988542
0.182066919861797
-0.182066919861785
-2.45448891535478e-15
0.182066919861786
-0.182066919861761
-0.771247848988517
-0.771247848988545
-2.35727726134250e-14
0.771247848988523
0.771247848988537
0.182066919861791
-0.182066919861786
9.83905097453772e-16
0.182066919861788
-0.182066919861767
-0.771247848988521
-0.771247848988541
-1.32575905749994e-14
0.771247848988528
0.771247848988533
0.182066919861784
-0.182066919861786
4.42229911026233e-15
0.182066919861787
-0.182066919861774
-0.771247848988526
-0.771247848988536
-2.94240853657370e-15
0.771247848988533
0.771247848988528
0.182066919861778
-0.182066919861787
-6.38390480131146e-15
0.182066919861787
-0.182066919861780
-0.771247848988530
-0.771247848988531
7.37277350185196e-15
0.771247848988538
0.771247848988524
0.182066919861771
-0.182066919861788
-2.94551078850291e-15
0.182066919861786
-0.182066919861787
-0.771247848988535
-0.771247848988526
1.76879555402776e-14
0.771247848988543
0.771247848988519
0.182066919861764
-0.182066919861788
4.92883224305648e-16
0.182066919861785
-0.182066919861794
-0.771247848988539
-0.771247848988521
2.80031375787033e-14
0.771247848988548
0.771247848988515
0.182066919861758
-0.182066919861786
3.93127723711420e-15
0.182066919861785
-0.182066919861800
-0.771247848988544
-0.771247848988536
3.83183196171290e-14
0.771247848988532
0.771247848988510
0.182066919861779
-0.182066919861784
7.36967124992276e-15
0.182066919861787
-0.182066919861752
-0.771247848988530
-0.771247848988552
5.89970788240759e-15
0.771247848988517
0.771247848988524
0.182066919861799
-0.182066919861788
-3.43653266165103e-15
0.182066919861789
-0.182066919861786
-0.771247848988516
-0.771247848988527
-2.65189038523138e-14
0.771247848988542
0.771247848988539
0.182066919861765
-0.182066919861786
1.42464592755399e-14
0.182066919861786
-0.182066919861765
-0.771247848988539
-0.771247848988542
2.65300719592589e-14
0.771247848988527
0.771247848988516
0.182066919861786
-0.182066919861789
3.44025536396608e-15
0.182066919861788
-0.182066919861799
-0.771247848988524
-0.771247848988517
-5.88853977546245e-15
0.771247848988552
0.771247848988530
0.182066919861752
-0.182066919861787
-7.36594854760771e-15
0.182066919861784
-0.182066919861779
-0.771247848988548
-0.771247848988532
4.71604360361102e-14
0.771247848988536
0.771247848988506
0.182066919861773
-0.182066919861785
-1.81721524591815e-14
0.182066919861786
-0.182066919861758
-0.771247848988534
-0.771247848988548
1.47418243013889e-14
0.771247848988521
0.771247848988558
0.182066919861794
-0.182066919861783
-4.89160521990601e-16
0.182066919861788
-0.182066919861792
-0.771247848988519
-0.771247848988522
-1.76767874333325e-14
0.771247848988506
0.771247848988535
0.182066919861814
-0.182066919861786
-1.12953644335644e-14
0.182066919861785
-0.182066919861771
-0.771247848988543
-0.771247848988538
3.53721883782402e-14
0.771247848988531
0.771247848988549
0.182066919861780
-0.182066919861784
6.38762750362651e-15
0.182066919861787
-0.182066919861805
-0.771247848988528
-0.771247848988512
2.95357664351884e-15