0.0
0.7712
0.7712
0.182
-0.182
0.0
0.182
-0.182
-0.7712
-0.7712
0.0
0.7712
0.7712
0.182
-0.182
0.0
0.182
-0.182
-0.7712
-0.7712
0.0
0.7712
0.7712
0.182
-0.182
0.0
0.182
-0.182
-0.7712
-0.7712
0.0
0.7712
0.7712
0.182
-0.182
0.0
0.182
-0.182
-0.7712
-0.7712
0.0
0.7712
0.7712
0.182
-0.182
0.0
0.182
-0.182
-0.7712
-0.7712
0.0
0.7712
0.7712
0.182
-0.182
0.0
0.182
-0.182
-0.7712
-0.7712
0.0
0.7712
0.7712
0.182
-0.182
0.0
0.182
-0.182
-0.7712
-0.7712
0.0
0.7712
0.7712
0.182
-0.182
0.0
0.182
-0.182
-0.7712
-0.7712
0.0
0.7712
0.7712
0.182
-0.182
0.0
0.182
-0.182
-0.7712
-0.7712
0.0
0.7712
0.7712
0.182
-0.182
0.0
0.182
-0.182
-0.7712
-0.7712
0.0
0.7712
0.7712
0.182
-0.182
0.0
0.182
-0.182
-0.7712
-0.7712
0.0
0.7712
0.7712
0.182
-0.182
0.0
0.182
-0.182
-0.7712
-0.7712
0.0
0.7712
0.7712
0.182
-0.182
0.0
0.182
-0.182
