0
0.771247849
0.771247849
0.18206692
-0.18206692
-6.14E-17
0.18206692
-0.18206692
-0.771247849
-0.771247849
-3.68E-16
0.771247849
0.771247849
0.18206692
-0.18206692
-1.84E-16
0.18206692
-0.18206692
-0.771247849
-0.771247849
-7.37E-16
0.771247849
0.771247849
0.18206692
-0.18206692
5.83E-16
0.18206692
-0.18206692
-0.771247849
-0.771247849
-1.10E-15
0.771247849
0.771247849
0.18206692
-0.18206692
1.35E-15
0.18206692
-0.18206692
-0.771247849
-0.771247849
-1.47E-15
0.771247849
0.771247849
0.18206692
-0.18206692
-5.52E-16
0.18206692
-0.18206692
-0.771247849
-0.771247849
3.50E-15
0.771247849
0.771247849
0.18206692
-0.18206692
1.11E-15
0.18206692
-0.18206692
-0.771247849
-0.771247849
-2.21E-15
0.771247849
0.771247849
0.18206692
-0.18206692
9.83E-16
0.18206692
-0.18206692
-0.771247849
-0.771247849
8.11E-15
0.771247849
0.771247849
0.18206692
-0.18206692
8.60E-16
0.18206692
-0.18206692
-0.771247849
-0.771247849
-2.95E-15
0.771247849
0.771247849
0.18206692
-0.18206692
-2.82E-15
0.18206692
-0.18206692
-0.771247849
-0.771247849
-3.31E-15
0.771247849
0.771247849
0.18206692
-0.18206692
6.14E-16
0.18206692
-0.18206692
-0.771247849
-0.771247849
7.00E-15
0.771247849
0.771247849
0.18206692
-0.18206692
4.92E-16
0.18206692
-0.18206692
-0.771247849
-0.771247849
6.63E-15
0.771247849
0.771247849
0.18206692
-0.18206692
3.93E-15
0.18206692
-0.18206692
-0.771247849
-0.771247849
-4.42E-15
0.771247849
0.771247849
0.18206692
-0.18206692
2.46E-16
0.18206692
-0.18206692