1.68
-0.89
-3.02
-6.48
-5.7
-7.49
-2.1
-5.25
2.39
-7.53
0.67
-7.4
1.39
-9.23
-0.02
-7.42
10.71
1.74
15.36
4.54
6.37
-0.78
6.95
2.95
10.42
6.37
7.06
3.53
1.77
0.31
-3.73
1.7
-1.45
0.72
3.08
-11.78
0.31
-5.61
9.52
1.39
11.87
0.92
10.71
1.94
5.77
-6.17
0.85
-1.05
8.14
12.52
14.06
12.94
10.71
6.41
15.85
9.28
20.09
15.47
21.44
9.43
18.62
5.28
12.7
0.38
11.78
10.1
2.15
9.43
0.11
8.67
7.93
12.47
9.39
11.51
5.16
1.45
-4.22
-0.31
-6.06
1.59
-5.77
9.48
-0.13
9.77
-1.52
5.14
-0.25
9.5
-2.28
7.71
-2.1
5.07
1.05
6.24
2.95
11.98
11.73
8.18
9.21
8.29
11.24
5.5
15.47
5.21
13.39
6.88
14.98
1.92
14.44
6.91
17.55
11.91
19.24
9.72
21.75
12.23
17.86
8.16
12.56
6.75
6.01
2.41
-1.34
-3.4
-5.05
0.76
-4.67
2.21
-1.79
-8.61
5.65
-6.57
5.5
-8.87
-0.89
-13.77
-4.18
-10.71
4.63
12.23
2.12
0.02
-2.32
1.14
3
6.57
5.63
4.58
12.72
10.13
13.61
9.68
0.74
8.81
-3.22
8.45
-1.07
11.98
5.7
18.57
5.97
10.19
4.65
10.68
-0.45
2.19
-2.66
3.29
3.78
9.39
6.64
-3.6
-2.91
-7.53
-0.42
-4.92
1.3
-8.14
4.63
0.63
13.46
8.02
8.94
18.19
5.28
11.76
0.38
7.87
1.5
6.95
5.61
5.07
5.88
5.81
3.71
3.15
10.68
7.78
11.13
2.19
9.57
-2.66
6.19
3.69
-6.41
6.3
-5.05
6.68
-0.09
7.11
-4.11
1.1
-9.63
-10.75
-17.21
-15.76
-13.57
-10.97
-6.46
-8.69
-8.2
-17.26
-10.91
-16.79
-12.2
-19.58
-8.61
-24.65
-9.32
-16.34
-0.2
-7.58
-3.51
-17.57
-14.66
-20.05
-6.95
-13.77
-10.75
-11.47
-10.19
-8.4
-6.48
-10.28
-8.69
-15.76
-12.38
-18.37
-4.74
-11.04
-3.46
-14.51
-3.2
-10.35
4.36
4.92
-9.07
-2.37
-9.57
-7.11
-1.56
-5.23
-9.81
-7.98
-4.72
2.75
4.58
5.86
-4.49
0.07
-10.77
0.8
-8.09
-3.02
-15.13
-6.12
-17.21
-6.35
-17.08
-6.5
-19.76
-14.89
-21.01
-15.04
-24.18
-17.39
-15.65
-15.02
-11.06
-8.47
-9.61
-9.68
-0.49
-3.93
-7.11
-0.45
-11.29
-4.47
-14.84
-2.82
-14.69
-1.94
-11.73
-3.04
-9.88
2.12
-9.61
-6.06
-9.97
-4.36
0.67
7.6
6.41
4.54
3.6
1.45
3.11
-8.38
-3.44
-9.7
4.36
-3.89
10.17
0.76
6.35
1.43
13.03
3.22
12.43
1.16
8.76
1.88
9.1
4.9
7.15
-0.89
1.32
5.61
0.63
3.49
0.45
1.7
-1.9
5.95
-1.56
7.55
-0.89
10.59
-6.44
-7.13
6.28
-1.99
9.03
0.42
7.67
-1.97
4.27
1.03
6.24
2.17
1.25
2.35
0.85
8.76
11.02
11.02
0.49
3.55
-1.52
8.07
1.03
-8.58
6.77
-2.26
9.34
-4.4
0.74
-7
2.35
-0.65
0.74
-7.49
-3.38
-5.3
-5.97
-3
-5.92
-4.34
-5.23
-0.8
-8.67
-4.02
-6.77
4.18
-2.84
7.35
-4.54
6.37
-3.08
2.91
-8.05
3.46
-9.95
2.75
-4.2
-4.22
-9.66
-3.26
-2.39
-0.78
0.83
1.27
-6.01
1.1
-3.76
5.77
-3.29
4.76
-3.82
6.66
-0.4
11.85
2.08
9.57
-0.45
11.91
3.98
14.37
6.71
7.91
2.79
1.48
2.41
-1.74
-7.55
-1.65
-6.06
-0.69
-10.13
-6.41
-13.81
0
-5.41
2.21
-14.77
-4.47
-15.76
-0.89
-9.9
-4.87
-16.12
-9.21
-15.47
-8.27
-10.71
-6.03
-6.79
-2.73
-9.97
-6.26
-12.49
-9.88
-20.85
-14.71
-23.29
-14.1
-26.42
-14.22
-23.2
-10.95
-21.68
-12.79
-20.52
-14.33
-26.13
-10.15
-11.73
-4.52
-8.76
-9.07
-16.79
-19.13
-11.98
-15.74
-14.04
-13.66
-20.5
-14.69
-23.78
-17.3
-27.43
-7.82
-14.62
1.72
-5.41
2.46
-15.36
-5.77
-5.23
-7.49
-6.1
-6.26
-9.37
-7.17
-7.2
-5.59
-5.72
-4.14
-13.46
-5.54
-11.6
5.03
-1.61
3.38
-10.97
-8.65
5.88
-1.94
3.38
1.83
-4.76
1.72
0.13
-0.02
-1.03
0.87
1.16
5.99
-0.2
4.27
4.87
0.27
7.26
-2.82
8.14
-5.88
1.36
-10.1
2.35
-5.59
5.03
-2.7
2.3
-10.35
-2.19
-0.49
0.92
2.73
3.6
2.1
-2.32
1.88
-0.04
6.75
0.72
7.53
2.68
-8.54
3.4
-8.25
-15.91
2.41
-0.22
15.38
11.94
13.46
3.91
7.02
6.5
8.38
4.22
2.73
2.39
-1.61
1.39
-3.4
3.62
-5.92
3.04
-3.08
11.22
1.56
10.95
-2.95
6.64
-1.86
10.42
2.84
9.83
-1.79
5.59
12.45
9.5
10.35
9.05
5.21
8.69
6.17
8.07
2.75
10.51
5.99
15.58
3.78
10.08
-1.72
8.96
0.18
12.92
2.21
3.82
12.9
20.32
17.64
14.55
13.57
16.94
17.17
17.59
13.88
19.85
15.27
21.82
12.03
17.9
6.75
5.34
9.19
-2.01
12.7
7.89
13.61
2.95
3.91
-8.65
2.62
-1.39
1.52
-5.61
-7.62
-8.36
-3.35
-6.41
-2.17
1.52
-5.97
0.94
-6.95
8.02
-3.08
5.45
-6.24
2.15
-6.95
0.18
-10.37
-4.47
7.42
2.88
4.92
0.29
0.25
2.06
-2.93
-1.77
-6.01
0.65
-3.06
3.11
-0.11
2.79
-6.21
6.21
-3.22
5.05
-7.06
-3.78
-17.34
-7.24
-12.41
-4.29
-14.28
-11.98
-17.84
-13.61
-18.15
-15.47
-16.34
-6.59
-12.34
-7.85
-18.1
-11.27
-20.76
-12.34
-21.23
-11.76
-18.08
-6.21
-15.67
-4.9
-3.89
-13.86
-5.34
-16.63
-6.88
-8.56
-3.29
-3.55
-5.63
-7.33
-2.44
-6.06
-2.68
-11.69
-4.4
-8.18
6.66
1.39
10.97
-4.69
0.6
-13.1
-3.31
-7.67
1.48
-2.62
6.57
-4.74
1.68
-2.19
4.81
3.6
3.55
-1.81
-6.66
1.39
-5.43
0.96
0.69
-7.35
3.17
-8.83
-0.27
9.39
2.82
7.17
-3.17
9.86
3.53
8.11
-2.57
-1.86
0.6
2.55
3.15
2.93
2.12
-5.72
-1.65
-11.11
-8.2
2.32
-7.78
2.86
-5.59
4.2
-6.44
7.64
-1.21
8.85
3.38
12.11
7.44
14.91
12.16
12.11
2.84
9.34
9.41
4.49
7.55
6.66
10.55
4
15.45
7.24
16.63
8.65
20.65
10.28
17.95
8.47
2.59
11.27
0.89
8.47
1.61
3.89
0.49
6.06
7.49
9.1
3.82
6.06
-3.98
5.05
3.73
13.97
6.86
13.97
-2.77
-5.34
5.92
4.6
-5.5
5.16
-5.36
-0.6
-7.67
-2.48
-5.03
1.07
-1.83
-3.38
-2.86
-2.55
0.34
-8.76
-4.47
-11.87
-2.68
-9.52
0.25
-13.9
-5.63
-15.02
-12.81
-5.28
-15.78
-6.19
-13.25
-6.5
-7.8
-9.81
-8.09
-5.63
-1.79
-1.94
1.25
-7.55
-3
4.45
-7.71
-2.53
-10.57
4.4
3.33
-11.02
-3.04
-8.29
4.52
-2.5
5.79
-0.76
6.08
4.36
-0.22
-0.22
1.86
-3.49
0.65
-1.39
4.76
2.39
10.77
-2.06
4.56
-5.92
6.68
-3.46
-4.25
4.07
-9.86
-2.39
-8.61
-3.84
-8.47
-7.82
-15.31
-11.67
-6.62
2.24
-0.85
-7.09
0.89
-3.91
6.48
-3.87
6.19
-0.25
9.28
-1.88
9.43
-5.52
6.41
0.56
2.06
6.01
2.77
3.31
6.41
3.42
-1.27
0.94
-4.36
-6.3
-0.94
-4.09
6.93
-0.2
6.68
-8.96
-1.52
-17.03
-0.87
-11.02
-3.2
-11.98
-1.65
-11.22
-8.94
-10.53
-11.6
-12.9
-11.96
-8
-6.66
-2.48
-13.57
-11.11
-14.57
-6.06
-14.48
-2.82
-13.48
-4.27
-12.07
-11.91
0.8
-9.23
-3.46
-13.95
-6.35
-12
-8.34
-8.99
-13.03
-7.62
-3
-4.4
-3.06
-0.29
-6.59
7.69
-2.1
0.89
-10.55
2.62
-12.52
-0.11
-12.25
-4.31
-14.46
-5.19
-9.57
-1.92
-6.44
-8.23
-10.48
-10.62
-11.2
-6.79
-0.07
10.93
3.8
8.92
-5.25
-3.84
-10.55
0.36
-9.45
3.24
-7.47
-2.46
6.77
10.17
2.06
10.28
9.28
18.08
19.98
21.48
17.77
14.55
17.68
19.22
26.17
18.55
23.89
14.42
23.22
16.23
24.81
11.33
11.33
18.04
12.2
23.6
11.85
23.18
14.69
19.22
13.75
11.67
13.9
13.34
15.4
17.05
8.45
11.2
1.9
11.89
3.17
17.5
6.06
15.83
7.67
20.97
6.77
15.78
11.2
16.92
15.4
26.2
20.12
16.74
17.99
14.93
10.84
13.25
9.23
14.95
9.28
16.79
6.55
6.88
17.55
6.84
17.75
14.93
3.38
15.78
3.93
8.02
5.03
13.55
6.57
12.38
9.03
7
5.99
6.84
9.86
0.45
6.12
0.69
8.69
-1.23
3.62
-11.31
-6.84
-16.83
-4.36
-12.96
-3.2
-10.75
3.08
-4.85
-6.39
-7.38
-1.92
-0.63
-1.54
-8.78
-12.45
-9.86
-16.65
-7.93
-14.42
-3.58
-11.09
-0.4
-9.81
0.27
-1.12
-15.13
-6.95
-16.74
-5.7
-8.85
1.61
-7.82
-1.39
-8.4
-8.07
-7.17
-8.07
-9.1
-11.42
-11.47
-8.05
-16.09
1.16
-1.68
11.29
5.9
8.34
-6.84
7.58
-2.66
5.23
-7.67
-2.35
-11.94
-2.44
5.16
3.78
5.36
-0.92
-2.03
1.45
5.07
10.93
2.32
6.03
-3.17
6.21
-3.67
9.72
-2.66
10.33
3.93
11.73
-1.36
8.52
-3.46
6.01
0.94
6.3
-7.06
-3.58
-9.97
-3.22
-1.97
3.82
2.77
-7.96
-8.27
-11.31
-3.24
-7.58
1.27
-6.97
1.88
-10.73
3.11
-6.64
4.49
-9.66
-1.99
-8.23
1.61
-8.34
0.25
-4.74
-5.14
-7.33
-3.24
-14.86
-21.06
-14.8
-14.91
-5.99
-8.05
-1.99
-7.13
3.76
-5.7
-4.85
7.71
0.72
12.61
2.32
9.43
-0.04
8.23
0.49
3.35
3.38
0.54
4.36
4.94
4.83
5.14
-1.01
2.32
-1.86
7.93
8.34
24.32
11.27
14.15
1.72
11.22
2.93
14.06
3.2
9.52
-1.32
10.84
2.82
11.09
7.73
13.08
14.46
17.79
18.8
21.1
21.66
13.81
15.36
10.51
17.95
12.18
17.57
4.94
10.8
-0.49
8.38
-2.28
-0.11
11.42
0.49
4.72
-6.57
0.51
-6.15
-5.77
-11.42
-11.91
-8.2
-3.8
0
-0.38
2.28
-4.27
0.89
-4
-0.96
-13.5
-2.82
-15.74
-6.08
-14.37
-5.41
-17.93
-11.6
-20.05
-12.79
-18.75
-18.44
-30
-21.99
-22.73
-7.58
-9.99
-10.82
-14.86
-10.13
-14.64
-7.82
-16.47
-8.74
-19.6
-10.35
-18.26
-8.36
-17.14
-7.8
-13.52
-1.41
-7.78
-20.32
-9.19
-11.73
-4.69
-5.57
-2.01
-2.35
-12
-8.9
-17.21
-4.36
-7.04
-9.23
-1.56
2.97
-11.98
-4.65
-17.84
-8.81
-21.39
-15.85
-20.14
-9.05
-5.72
-12.81
-13.75
-17.01
-16.25
-13.99
-6.06
-8.61
0.16
-10.06
-15.33
1.43
-10.39
0.63
-10.46
1.79
-2.3
6.37
-2.55
-4.98
-2.21
-5.43
-1.03
2.08
1.72
-0.42
-1.9
-10.44
4.36
-1.65
7.76
0.83
7.85
-4.34
4.27
-6.35
-1.1
10.8
2.77
8.31
3.78
-6.06
-0.85
-0.6
5.1
0.4
-0.54
7.8
9.01
19.09
1.83
7.78
-1.68
7.53
-4.98
7.09
-3.46
6.55
-0.6
12.47
5.59
17.7
6.12
9.23
7.38
11.85
13.43
20.76
19.54
18.37
21.32
18.08
21.06
10.77
17.93
10.84
21.97
9.59
17.59
6.15
19.02
11.31
20.34
8.52
16.65
7.89
14.24
12.11
20.05
16.96
21.19
19.71
18.86
16.99
16.81
21.55
7.85
14.8
15.11
6.97
13.28
-0.13
9.03
1.5
11.35
1.41
10.73
-3.29
-8.67
-2.28
-5.9
5.43
5.03
10.35
5.16
1.23
1.23
-3.04
2.91
1.1
2.77
-3.98
3.42
-5.12
9.28
0.22
11.53
-1.99
2.79
-7.67
3.8
-2.35
11.29
1.36
9.1
-1.63
8.05
5.61
8.92
7.8
7.51
4.14
5.34
10.77
7.62
17.05
9.05
13.43
2.88
12.99
7.22
16.43
2.77
11.2
4.47
19.02
11.09
19.89
7.26
8.94
-2.17
5.74
-2.28
-9.21
-4.69
2.17
3.98
5.01
12.43
1.86
3.8
-4.76
2.64
-9.19
0.09
-8.45
-0.83
-14.98
-3.69
-13.93
-5.72
-16.96
-10.82
-23.49
-19.6
-28.01
-18.37
-16.61
-6.39
-8.76
-11.67
-16.99
-11.31
-16.12
-10.33
-14.77
-2.95
-14.75
-2.5
-11.42
-1.7
-12.9
-1.01
-11.62
-1.74
-13.01
-2.06
-10.24
-6.88
-0.58
-3.8
-1.63
-2.68
-1.7
-2.1
-2.32
7.35
1.63
4.16
3.46
-6.33
7.96
2.17
12.27
0.63
10.46
-0.94
8.02
-8.96
-0.78
-8.25
-2.08
-3.4
6.1
0.18
4.22
3.15
4.87
-4
-4.98
-8.2
1.16
-2.84
3.82
-10.89
-4.05
-12.7
0.76
-8.9
-3.51
-16.94
-8.76
-14.82
-3.15
-11.71
-2.59
-7.8
-4.87
-8.54
-4.45
-11.22
-15.31
-12.85
-13.9
-9.19
-11.35
0.38
-12.92
-7.04
-14.51
-5.25
-18.19
-6.39
-17.97
-14.98
-13.1
-17.66
-3.53
-12.92
-8.38
-14.1
-8.38
-8.83
-7.22
-9.19
-7.98
-5.45
-0.47
-7.13
-2.53
-9.16
1.65
-9.39
1.12
-6.71
3.6
-8.65
1.1
-7.29
5.32
-0.02
13.86
6.39
13.63
7.69
12.16
10.97
6.39
7.29
8.83
6.17
11.49
8.94
15.09
17.93
6.08
9.66
-0.69
14.48
9.37
23.4
17.37
12.16
18.95
12.61
16.18
14.75
7.26
7.93
14.64
20.16
27.49
22.69
17.68
22.87
30.73
17.61
27.16
13.32
24.41
11.78
15.36
8.85
21.95
12.7
21.19
13.48
19.24
12.27
15.96
11.71
10.82
10.77
13.3
20.36
15.58
19.02
16.07
14.77
23.49
25.19
16.79
28.14
16.65
22.08
9.48
21.57
11.65
14.93
5.36
13.3
5.59
13.1
13.32
12.67
12.32
11.89
14.46
9.12
6.55
13.34
3.04
11.04
-3.69
5.92
-3.04
10.51
-0.47
9.25
-0.45
7.91
4.45
10.13
5.14
4.05
0.51
4
5.61
4.09
5.39
-3
0.94
-4.02
1.83
-7.76
2.15
-9.1
-8.74
-0.56
-11.04
2.19
-7.11
2.5
-5.16
-1.25
-11.11
-4.36
-10.68
-12.38
-12.32
-9.05
-9.61
-11.02
-9.14
-16.05
-10.04
-14.01
-4.16
-12.54
-2.55
-6.28
-17.08
-8.63
-17.08
-3.29
-13.32
-4.92
-17.01
-11.85
-18.8
-13.12
-13.95
-9.05
-14.75
-11.02
-10.37
-14.04
-9.05
-14.39
-2.73
-8.54
1.34
-12.81
-1.7
-13.5
-2.79
-14.69
-5.5
-15.47
-5.61
-11.38
1.36
-2.37
0.04
-6.88
-5.23
-8.76
-6.5
-3.62
-6.3
0.96
-5.1
4.92
8.29
-3.38
10.1
0
-1.45
8.67
-8.76
1.68
-7.4
3.02
-3.44
7.73
5.45
8.72
5.01
6.95
1.86
-2.3
0.34
-1.52
3.02
-6.21
3.13
-1.88
6.06
-1.81
1.25
-12.52
-5.19
-13.05
4.56
-1.81
9.39
-0.65
-1.05
5.54
0.22
5.01
-0.76
4.22
6.17
4.78
5.83
1.34
4.98
-0.4
2.91
-4.52
-2.32
-10.64
5.83
-1.27
15.76
9.34
18.98
3.24
10.55
2.73
12.67
7.6
15.04
5.45
8.81
8.14
11.85
12.9
10.17
9.66
11.87
4.05
1.45
1.72
18.93
19.85
37.46
24.21
29.88
19.69
35.9
28.36
36.01
27.94
18.6
23.92
16.23
17.59
21.39
15.09
14.04
16.36
12.92
18.6
8.72
16.21
8.65
19.36
11.73
22.75
10.51
19.74
14.08
12.74
23.02
13.08
18.69
5.41
13.1
5.81
10.93
9.07
12.54
10.75
3.64
0.72
0.18
11.24
3.29
15.56
9.75
19.29
12.07
21.64
8.58
23.67
13.41
23.89
14.57
15.67
7.33
16.94
14.37
20.65
16.09
13.97
4.69
4.14
8
6.68
12.92
3.8
7.4
-2.75
6.5
-5.21
5.48
-2.24
9.41
0
-0.49
7.04
-3.44
5.54
-3.35
2.32
-1.48
2.62
-1.16
-2.66
-2.41
0.6
-2.84
6.88
-4.43
-0.4
2.39
-6.68
0.92
-7.44
3.24
-8.23
2.7
-12.45
-2.55
-9.86
2.24
-2.37
-1.27
-12.18
-7.47
-6.15
-0.31
0.67
0.69
1.81
-3.64
-0.85
-10.33
-3.13
-11.35
-1.99
-8.25
-17.37
-7.58
-7.8
-16.29
-12.74
-21.95
-11.67
-3.6
-6.41
-9.23
-12.38
-11.62
-6.3
-8.45
-2.39
-8.94
2.5
-5.5
2.64
-6.84
4.02
-9.01
-3.44
-11.47
-6.55
-23.07
-8
-13.14
-5.77
-11.15
-7.53
-17.23
-18.02
-16.56
-19.16
-23.11
-14.84
-13.79
-7.09
-11
-8.43
-16.27
-7.26
-15.4
-3.55
-16.65
-6.59
-13.88
-5.81
-13.46
-4.36
-15.78
-6.1
-11.71
-5.03
-12.38
-10.39
-15.47
-19.92
-23.8
-18.13
-10.82
-11.38
-3.35
-11.09
-5.32
-10.24
2.35
-11.51
-6.21
-19.51
-6.08
-8.74
2.73
-11.33
-3.73
-11.42
-4.29
-5.54
1.48
-5.1
-4.43
-5.68
-10.3
-3.96
-5.34
1.48
-9.19
-3.4
-10.24
-3.06
-13.79
1.12
-8.27
3.64
-2.55
4.92
-6.77
3.93
2.82
-6.24
-0.13
1.43
5.43
3.64
5.43
5.34
5.52
11.94
10.48
14.73
5.52
17.7
6.66
14.37
5.3
15.94
15.56
6.1
16.34
3.17
14.26
5.63
12.38
5.1
10.55
4.4
7
11.53
16.63
11.35
15
3.71
6.59
15.31
6.68
15.33
1.92
10.66
2.48
4.05
3.38
11.29
3.78
10.35
10.28
2.82
2.39
-1.72
2.5
7.31
4.74
5.41
0.42
10.55
3.13
12.34
5.41
15.15
4.56
16.85
4.52
9.97
-1.39
10.1
3.02
11.56
0.94
10.46
3.2
5.97
3.4
3.51
-1.39
0.31
2.3
0.98
6.48
3.62
9.37
-3
6.88
-5.05
-1.88
-9.9
-2.73
2.44
-4.76
2.64
-8.18
0.34
-3.82
4.98
-2.03
0
-8.76
-7.91
-5.65
-8.11
-6.17
-8.09
-13.23
-7.2
-13.63
-9.7
-20.21
-11.56
-25.84
-15.31
-8.47
-11.27
3.24
-6.37
1.12
-13.41
-10.28
-16
-12.52
-17.17
-16.05
-17.39
-20.09
-21.1
-17.46
-21.52
-15.42
-22.87
-13.86
-21.64
-8.07
-18.26
-12.09
-24.3
-15.36
-24.59
-11.56
-24.39
-19.49
-25.46
-10.17
-15.94
-5.74
-9.03
-15.04
1.05
7.02
5.83
6.48
-0.92
-9.48
-1.05
-10.57
-2.77
-11.06
-4.36
-21.12
-9.12
-17.03
-4.18
-14.75
-11.11
-25.48
-18.66
-17.48
-11.11
-11.8
-8.31
-9.28
-8.49
-5.92
-11.62
-7.91
-15.56
-9.75
-17.32
-6.37
-15.49
-6.17
-16.61
-7.58
-14.01
-0.6
-11.69
-4.72
-15.09
-6.97
-16.9
-8.54
-10.86
-6.26
0.72
1.12
1.83
4.74
0.31
-4.69
-1.27
3.69
-9.9
0.49
-9.59
8
-3.87
3.51
-7.96
-1.03
-7.67
1.52
-6.33
0.92
-6.3
-3.55
-2.66
1.52
3.55
5.34
-5.74
4
2.73
13.34
11.62
19.47
8
15.56
6.66
16.23
9.45
21.19
7.13
12.25
1.07
10.35
4.18
10.35
7.91
3.78
3.8
4.07
0.25
0.29
-1.05
1.45
-7.29
3.76
-3.2
5.61
-2.35
5.19
-6.33
9.43
-2.26
4.87
-4.45
6.28
-0.4
8.83
-2.48
0.2
-6.1
-4.81
-2.82
0.74
-3.51
3.42
1.72
5.83
1.18
5.07
-3.31
-4.65
-3.22
5.9
-7.02
8.78
-0.07
9.34
2.55
11.82
1.81
7.31
-0.51
3.73
1.48
0.65
-2.68
-7.09
-1.34
3.4
12.87
9.75
10.37
-4.98
-3.89
11.47
2.86
11.51
1.21
12.52
-2.06
9.5
3.62
6.15
-3.87
-0.2
3.26
4.49
6.64
-0.8
-1.45
5.99
4.45
11.47
4
10.68
-1.45
9.16
8.29
-0.49
14.39
5.23
15.53
3.73
9.12
-1.12
8.9
2.95
4.72
-0.85
-2.7
-3.02
5.45
11.8
11.13
9.92
0.34
3.42
1.9
14.53
0.89
7.87
-1.12
8.36
-1.83
6.35
-10.28
-2.48
-12.27
3
-2.28
7.15
2.19
9.23
5.83
7.22
3.11
2.59
1.48
0.6
2.35
-1.77
-11.85
-3.62
-8.96
5.99
-4.2
4.34
-6.12
0.47
-13.81
-1.52
-12.41
-6.26
-12.65
-5.63
-14.93
-7.71
-10.26
-7.69
-8.61
-7.6
-9.37
-10.93
-4.54
-5.9
-11.31
-2.59
-12.34
-4.87
-16.76
-9.37
1.74
-10.75
-0.56
-9.99
0.83
-7
-1.9
-9.28
-6.48
-8.9
-2.08
-4.34
-4.47
-4.38
-6.19
-3.53
-14.8
-4.94
-7.71
-0.56
-9.12
-3.24
-17.97
-6.48
-0.2
-13.95
-0.76
-8.61
-1.41
-11.24
-8.25
-17.14
-9.81
-11.02
-8.45
-8.02
-5.59
-0.07
-0.38
1.72
-8.2
-2.3
-9.37
-0.58
-6.37
1.45
-7.51
6.95
-1.48
6.06
1.65
-14.46
-2.88
-7.33
0.25
1.34
11.2
6.93
9.52
8.45
7.38
6.41
0.13
4.05
-2.48
0.13
-5.16
9.88
8.72
20.52
15.09
22.04
4.85
17.17
11.38
20.63
9.72
15.31
5.57
9.03
8.85
4.81
3.91
0.96
1.52
6.71
3.73
7.69
9.48
5.25
13.55
2.08
4.07
-9.77
1.59
-5.12
10.15
-5.77
5.41
-0.42
4.6
-4.14
3.24
-8.61
-4.74
-6.68
-2.12
-0.36
-1.1
2.93
-4.63
-3.73
-13.32
-9.7
-13.99
-2.79
-12.83
-0.13
-7.93
3.6
-4.11
7.4
-2.41
8.36
-0.47
8
-4.78
-3.13
-6.64
0.02
-0.8
2.19
-1.94
-2.84
-8.9
-2.95
-8.85
0.02
-3.06
8.72
-1.86
6.68
-4.47
4.02
-5.05
5.25
-1.9
13.39
9.39
18.31
12.76
18.4
10.77
13.55
8.09
5.57
4.49
-0.65
-0.51
-3.11
1.61
-4.38
8.38
-3.11
5.97
-6.77
7.4
-0.09
12.41
4.78
13.23
-0.18
7.13
3.06
-8.81
-4.02
-8.23
-4.72
-3.71
-4.09
-3.93
-6.17
-0.74
-6.93
-8.27
-17.64
-8.38
-12.7
-0.09
-1.45
-15.83
-3.78
-11.62
-13.63
-4.63
-12.34
-7.78
-10.24
-3.71
-5.07
-0.07
-6.44
-8.11
-5.83
-8.07
-4
-2.88
-0.31
-13.41
-2.32
-4.6
6.53
-2.73
7.67
-4.85
1.12
-10.82
1.12
-12.81
-8.4
-14.55
-1.83
-6.59
-2.44
-5.92
-2.06
-5.63
-4.9
-5.43
-6.41
-1.18
-1.32
7.87
-2.32
-2.93
-11.56
0.13
-10.15
0.02
1.65
-9.34
3.22
-5.79
0.2
-11.71
-3.87
-9.86
-3.4
-9.77
-11.76
-7.13
-4.67
2.7
6.79
3.91
-6.3
-4.34
-8.9
2.82
-11.94
-6.71
-4.76
-14.93
-4.72
-16.25
-12.85
-23.72
-8.34
-17.1
-8.87
-17.75
-13.08
-19.29
-17.95
-18.26
-20.25
-21.01
-21.79
-24.25
-15.02
-21.97
-16.63
-27.29
-14.01
-19.16
-4.74
-13.79
-7.8
-21.7
-12.27
-18.86
-7
-16.14
-10.97
-16.38
-7.73
-10.97
-4.38
-3.69
-3.17
-1.99
-4.54
-3.17
-12.81
-7.6
-5.65
-13.84
-4.72
-13.34
-1.45
-6.12
6.01
-4.38
3.46
0.83
-5.52
5.59
-1.79
10.21
2.84
2.12
-0.76
2.62
0.85
4.31
2.03
-1.3
9.32
2.84
13.39
-1.61
6.37
-6.17
3.69
-7.29
2.06
-7.2
0.51
-6.46
3.02
-3.26
0.76
-5.5
-4.25
-7.26
-3.87
-0.65
-5.83
1.5
-3.17
-9.45
1.99
-7.55
0.87
-8.31
-2.3
-15.67
0
-4.76
9.41
1.48
11
-2.66
3.13
-7.11
-7.13
-11.47
-8.2
-2.62
1.61
0.25
-5.19
-5.32
-9.12
-1.39
-10.48
-1.5
-9.41
4.6
-3.73
5.86
-8.9
0.6
-4.25
9.01
-2.86
6.41
1.03
9.25
7.42
13.21
3.67
-0.8
1.52
2.21
1.94
6.73
0.94
11.71
5.23
11.69
3.02
10.51
2.46
17.72
6.97
20.5
13.12
-1.36
7.15
1.48
6.28
2.77
3.89
-0.78
5.28
6.95
7.78
3.64
-1.86
1.5
-0.74
9.66
3.62
9.34
-2.57
-0.4
12.11
2.66
14.35
5.92
6.5
14.31
7.71
0.25
-0.13
-6.82
0.63
3.51
3.31
5.79
-1.92
2.93
0.42
14.19
3.62
10.24
-1.77
6.08
-3.42
8.29
-1.45
10.04
1.36
14.84
5.9
13.14
3.42
7.38
-2.46
0.45
-1.61
-2.48
0
1.68
0.27
9.12
1.32
9.21
-0.69
-1.56
9.52
-0.04
6.64
-8.18
0.07
-9.48
5.43
-1.48
8.78
-0.22
2.15
-1.34
-0.96
-4.63
-2.55
-3.76
-4.45
-1.63
-4.2
-2.26
-7.96
-0.25
-7.47
6.19
-2.7
6.84
0.25
12.23
1.1
11.87
0.18
7.53
-1.36
7.51
-2.84
4.02
-4.25
-3.42
-0.22
7.64
11.09
12.25
2.41
7.44
1.99
-7.42
6.66
1.63
11.82
2.66
7.13
-8.23
7.4
0.87
6.33
-6.03
-1.18
-9.77
-5.57
-9.25
-8.65
-3.62
-0.29
2.68
5.05
-2.48
2.3
-8.11
-0.31
-9.28
-1.74
-14.39
-2.84
-9.57
-5.45
3.26
-5.57
-5.83
-0.72
-8.99
-1.5
-4.05
1.36
-2.46
-0.54
1.03
0.31
6.55
1.21
2.3
-5.1
2.53
-6.55
1.05
-5.57
5.99
-6.08
5.28
-3.08
8.76
-0.09
4.11
-0.83
9.77
5.39
14.91
5.83
3.04
-4.58
-1.5
1.39
-1.74
0.29
-2.5
4.63
-1.07
7.24
1.27
9.37
10.57
-2.1
4.85
-6.82
3.98
-8.36
3.73
-2.35
3.71
-3.55
-2.55
-9.57
-5.03
-3.08
0.94
2.66
0.49
3.38
-2.46
7.62
-1.32
1.94
-9.21
0.11
-9.88
4.43
-2.97
2.95
-11.44
-1.41
-8.54
6.44
-2.01
7.06
2.17
9.52
7.73
14.69
9.75
9.88
12.45
12.2
15.42
6.79
9.72
3.98
10.08
0.27
2.39
15.04
6.44
16.54
4.87
11.62
1.41
12.11
-4.07
0.4
0.04
6.59
4.98
12.05
8.36
5.36
6.64
3.49
2.95
-0.02
9.92
6.73
16.9
7.89
17.77
6.5
15.58
8.07
19.49
9.43
7.53
16.23
9.7
16.58
11.62
16
12.96
17.75
14.69
12.11
11.18
13.32
10.55
16.47
10.82
20.16
11.58
18.4
2.73
14.77
8.38
22.62
10.8
1.12
11.13
7.69
16
6.46
7.49
-0.89
2.12
0.11
-4.45
-0.13
-2.1
6.5
2.97
7.98
0.63
9.37
0.31
12.27
-1.5
4.65
-7.22
3.71
5.05
-0.78
10.66
0.65
6.15
-2.06
1.07
-2.97
1.32
0.85
0.58
6.08
4.18
4.78
0.72
13.12
5.28
13.5
3.62
5.45
5.12
-7.02
3.31
5.28
-0.47
12.52
0.94
3.24
-0.58
5.52
14.91
10.28
7.31
5.48
0.83
4.54
-0.78
4.96
-1.1
8.09
0.27
8.83
-2.91
4.98
-8.07
8.38
3.04
10.46
3.93
12.52
-1.68
3.33
-4.45
-3.42
-8.69
-2.79
-0.94
-7.2
-5.03
-6.82
-3.24
-2.55
-16.18
-9.83
-17.66
-9.21
-18.28
-7.96
-19.16
-10.01
-23.27
-14.95
-22.75
-20.18
-12.29
-18.95
-16.12
-16.76
-15.94
-21.32
-20.76
-19.49
-22.46
-11.4
-16.61
-8.9
-9.97
1.14
-12.34
-1.32
-10.1
-3.76
-16.63
-3.51
-17.5
-12.81
-21.01
-10.51
-21.77
-13.43
-16.96
-13.95
-20.23
-18.46
-20.5
-24.1
-20.74
-20.7
-11.11
-17.37
-14.13
-25.17
-20.38
-25.59
-8.05
-14.39
-5.48
-8.23
-18.02
-18.84
-9.05
-17.57
-9.48
-13.72
-10.53
-12.41
-5.48
-3.26
0.65
4.54
0.34
3.33
-5.36
-2.91
6.3
0
10.64
0.4
13.68
1.88
8.94
-5.92
4.85
-8.69
1.14
-4.98
-0.51
-8.2
1.34
-0.02
1.12
4
-4.07
3.38
-1.45
6.66
-1.88
2.26
-12.56
-1.7
-11.96
-1.92
-1.05
-13.25
-3.73
-11.76
-3.8
-7.71
-2.17
-3.69
-2.37
-4.78
-0.38
-0.67
-3.04
-5.97
-10.01
-0.63
-9.59
2.08
-8.05
-0.29
-13.84
-5.99
-20.18
-4.49
-10.71
-0.78
-9.1
-3.6
-10.8
-0.65
-3.42
2.24
2.41
5.32
2.46
4.02
3.89
-2.79
-0.36
-7.31
3.42
-3.33
5.99
0.96
11.71
3.17
3.91
7.78
-1.54
4.69
-7.22
-1.34
-11.47
0.72
2.41
2.12
-0.02
-7.51
-9.9
-1.68
-4.87
3.33
-1.39
1.23
-7.6
3.13
-5.68
2.24
-10.59
-1.27
-7.98
5.61
-3.22
2.03
-12.14
-3.71
-2.55
2.48
-1.32
1.3
-2.55
4.96
2.73
-0.4
-4.94
0.22
-2.17
7.22
-1.1
6.57
-0.89
-5.01
7.49
1.88
11.6
6.86
13.57
-1.1
7.4
1.07
6.95
0.8
-4.65
-3.67
-0.22
3.69
-1.68
4.76
7.67
17.79
5.41
13.79
8.34
21.84
10.59
17.84
4.45
14.8
6.24
14.69
2.59
4.11
-2.77
6.3
2.17
4.27
0
-0.87
1.18
2.59
6.86
2.12
8.25
1.68
7.31
-3.58
6.62
-5.3
5.63
-2.1
-11.31
0.4
-10.93
-1.12
-11.35
-2.95
-8.02
-1.97
-8.45
-3.98
-9.19
-8.65
-3.82
-7.29
-2.7
-3.4
4.05
-2.64
4.65
-6.46
6.71
12.83
5.65
4.54
9.41
-2.55
7.35
0.89
5.95
-2.73
6.55
-1.41
7.42
9.75
9.54
10.71
7.06
11.8
6.75
13.68
6.44
17.5
7.71
17.5
5.81
16.52
7.85
14.35
3.71
12.27
2.46
11.24
3.46
8.11
0.83
10.21
6.5
11.35
11.6
9.61
10.8
6.33
6.21
-0.56
10.97
8.92
20.76
3.33
14.84
2.06
11.85
2.12
13.25
6.01
18.42
12.03
19.18
3.22
9.23
5.86
11.87
5.88
7.91
5.81
5.19
9.39
6.53
7.93
5.52
9.75
-0.04
7.58
11.69
3.02
13.21
1.1
7.62
-3.4
6.86
-4.11
1.97
-6.35
1.43
-1.77
7.13
-1.18
-6.55
-8.63
-13.01
-8.69
-12
-6.77
-8.31
-8.34
-6.84
4.94
3.64
-4
5.25
-5.7
-16.14
-7.96
-1.34
6.75
6.93
4.49
-1.77
-9.97
-4.63
-3.22
-8.49
2.1
-5.43
4.05
-8.92
3.02
-5.63
9.12
-1.79
6.68
-0.38
7.22
0.16
9.14
2.01
2.55
-1.36
0.85
-0.67
1.92
6.88
0
1.77
-6.73
-8.72
1.3
-4.58
3.53
-8.09
1.5
-12.83
-5.23
-14.69
-1.3
-5.9
5.9
2.17
9.1
21.5
30.22
41.42
54.11
63.46
75.77
75.97
86.95
81.27
90.46
82.34
85.94
71.53
77.29
63.26
70.94
54.99
57.87
41.48
51.14
37.8
36.77
21.41
17.72
8.87
12.34
11.91
10.3
8.61
9.14
13.3
5.14
8.38
-4.43
-3.02
-6.37
4.65
-3.4
5.54
-2.59
-14.01
-3.33
-13.55
-4.05
-6.24
-18.44
-17.3
-26.89
-25.26
-21.1
-19.98
-19
-20.99
-20.85
-22.06
-13.01
-16.12
-13.79
-25.93
-18.64
-30.17
-16.58
-29.15
-20.36
-32.19
-18.62
-27.69
-25.82
-19.04
-26.87
-18.64
-22.82
-22.24
-23.98
-17.59
-17.77
-20.3
-16.36
-18.04
-18.62
-27.85
-20.97
-28.36
-14.08
-24.14
-11.67
-21.37
-11.13
-22.93
-13.08
-25.86
-25.97
-19.09
-24.18
-18.64
-20.99
-18.22
-16.36
-20.94
-18.95
-23.87
-15.6
-20.38
-12.76
-26.4
-19.47
-26.89
-12.7
-23.6
-9.12
-20.79
-11.27
-17.01
-5.01
-14.22
-5.99
-11.11
-6.17
-14.24
-14.51
-16.81
-11.8
-6.55
1.5
-7.04
-3.38
-8.63
-12.25
-1.12
-9.57
1.36
-6.06
3.8
-11.38
-1.05
-9.45
1.77
-2.95
7.17
0.83
2.48
-1.48
-2.21
-10.46
-8.94
0.02
8.27
4.72
2.53
-12.07
-6.64
-11.44
-2.55
-8.07
5.9
-4.16
5.79
-9.83
-14.91
-3.53
-9.63
-3.11
-11.4
-8.52
-13.17
-7.47
-4.58
-2.1
0.87
-2.66
1.97
-3.11
5.43
0.4
6.46
2.03
-9.28
3.89
-7.67
2.15
-7.49
0.85
-7.04
1.97
-0.11
-3.8
-1.23
-3.26
-1.36
-0.6
-4.36
-5.74
-3.02
-7.44
0.85
-5.99
0
-8.34
4.49
-7.96
3.42
-7.38
1.32
-4.27
-3.89
7.17
-2.41
3.6
-1.72
4.4
0.29
0.31
-2.68
-1.32
-3.44
4.67
0.09
7.31
6.97
-1.81
8.2
0.58
12.54
0.13
10.75
-0.89
7.4
0.83
9.32
0
5.07
0.31
5.16
-2.28
2.32
2.68
0.22
2.64
2.91
7.17
-2.21
-3.17
2.15
-7.38
4.9
-7.2
2.55
-7.11
3.76
-10.95
-2.35
-10.21
1.52
-7.4
-2.44
-10.04
-9.21
-9.83
-6.33
-5.45
-5.19
-12.43
-10.48
-16.65
-10.77
-4.76
-14.26
0.89
-7.09
3.62
-5.9
2.59
-10.91
-2.26
-5.77
3.08
-4.9
5.72
0.27
5.16
6.3
8.16
9.75
3.76
4.6
11.35
14.15
-1.14
9.03
-2.21
6.55
-8.61
-11.96
-26.89
-17.97
-25.3
-7.26
-11.76
-6.33
-11.98
-5.03
-9.28
-15.02
-17.41
-17.75
-13.95
-5.95
0.2
-11.67
-5.19
-14.91
-15.65
-5.52
-19.18
-9.23
-20.52
-8.96
-15.09
-16.63
-12.72
-16.12
-16.96
-19.98
-19.54
-25.44
-24.18
-18.66
-20.65
-18.08
-23.96
-13.08
-16.12
-4
-14.55
-6.73
-16.07
1.5
-5.32
4.38
-8.07
2.55
-1.45
9.19
-0.76
4.31
0
1.79
1.52
6.21
4.85
15.62
8.43
8.63
2.7
6.03
-3.87
7.09
-0.02
10.55
1.7
10.62
-3.4
6.28
-5.9
2.08
-8.38
-2.26
-6.35
3.24
1.65
5.68
5.3
4.14
2.77
2.17
1.79
-3.78
4.76
7.53
0.6
10.15
-0.49
10.04
1.48
12.92
2.57
13.01
3.35
13.03
7.91
19.2
12.32
13.19
5.43
8.61
8.69
7.96
7.76
0.47
0.42
5.07
15.11
4.34
12.79
6.62
-0.6
10.84
0.74
9.16
-2.66
4.96
-3.73
5.36
-3.33
1.45
1.99
8.43
9.68
8.94
8.07
5.05
6.44
0.83
6.73
-0.25
7.89
-0.51
7.6
-3.8
-3.26
5.72
-3.87
-3.04
9.32
1.94
8.49
5.81
15.13
11.31
7.71
4.87
11.29
7.04
14.35
4.78
12.11
0.6
8.67
-2.59
6.44
-9.12
-1.48
-6.24
5.83
4.94
17.48
3.26
7.93
3.91
12.67
8.52
8.43
1.9
0.78
3.69
4.6
10.48
1.23
4.49
2.97
14.37
2.82
9.72
1.27
9.16
-5.34
6.91
-3.98
5.77
-0.87
8.49
-2.28
2.46
-2.95
8.25
7.31
9.95
7.67
6.75
5.45
-1.68
4.83
-2.19
3.35
-0.11
7.6
-3.55
6.3
-1.45
11.02
0.31
7.87
-5.14
0.58
-6.77
1.27
-3.64
7.22
-0.85
-4.63
-8.05
-5.07
4.45
2.41
1.18
-4.16
1.86
-7.22
3.13
-5.7
3.26
-6.75
5.95
-8.2
-1.5
-14.13
-3.06
-10.01
-5.81
-0.54
-12.18
-3.11
-6.93
-2.1
-2.48
-5.12
1.07
-4.92
0.67
-2.88
-2.21
4.16
-11.78
-6.57
-19.27
-10.44
-17.12
-3.24
-13.61
-8.34
-14.06
-8
-2.19
-7.82
-12.96
-16.94
-14.39
-7.26
-10.1
-8
-16.18
-9.52
-19.18
-10.19
-17.5
-2.17
-8.25
6.01
2.32
3.82
-7.4
0.13
-11.33
-5.5
-6.77
1.5
-0.92
-0.98
0.74
-3.38
0.25
-5.03
-2.84
-3.96
3.35
-2.32
4.83
-6.19
3.84
-4.74
10.24
-2.35
8.85
0.11
7.38
1.18
8.74
0.72
12.52
-1.25
0.04
1.9
8.14
9.68
12.41
-0.54
3.62
4.43
9.63
-8.25
3.02
-11.47
-4.29
-11.71
-3.29
0.49
-7.58
-0.47
-9.7
-5.03
4.27
-1.18
-3.51
-8.63
-7.04
-5.12
-4.47
-5.12
-8.25
-0.56
-1.65
7.29
-0.94
4.72
6.17
-4.54
1.41
-12.72
-3.55
-11.09
0.11
-7.73
-1.74
-7.31
0.83
-3.02
1.36
-4.11
-4.96
-10.8
-11.53
-0.56
10.35
6.19
10.86
-2.64
8.67
1.99
9.59
-3.31
-5.59
3.78
1.68
16
6.44
15.2
8.09
15.24
10.15
14.64
13.55
9.99
13.99
9.12
11.04
10.53
13.37
9.79
20.9
10.86
21.59
12.45
14.31
0.51
7.87
-1.7
12.18
3.71
10.8
-2.41
4.31
-3.73
2.08
-1.12
4.09
4.9
8.72
8.47
4.96
6.55
2.48
5.23
4.36
-0.34
14.19
7.42
14.46
5.23
15.65
6.62
15.51
0.69
8.94
2.75
14.84
7.93
9.48
-2.59
0.83
-1.83
1.77
3.93
3.2
5.12
-0.74
2.7
-6.19
2.84
2.08
18.19
11.76
2.06
10.57
4.22
13.57
3.51
7.31
-0.78
13.59
19.54
14.89
12.7
8.78
12.58
12.9
9.48
16.76
13.81
16.16
9.19
12.94
6.71
17.1
9.34
20.34
6.71
19.24
11.24
16.52
14.37
3.22
8.94
6.06
11.2
12.99
17.39
16.61
13.48
11.2
8.54
12.43
8.27
10.55
-2.01
6.39
0.07
9.77
4.92
18.06
2.03
11.44
2.53
10.19
0.13
7.38
-2.88
-8.61
-3.62
-7.93
-7.44
-10.39
-10.97
-6.97
1.39
-4.6
3.91
-2.86
3.8
-8.31
-1.68
-14.26
-0.04
-4.02
13.66
2.26
11.44
1.86
7.24
-4.83
-1.39
-7.17
1.77
0.67
6.37
5.03
3.98
7.67
5.01
8.34
3.49
6.91
-1.05
6.53
-3.31
9.63
2.59
13.59
0.92
9.01
1.48
11.11
-2.06
7.73
-1.1
-3.6
0.47
-3.24
-2.84
-3.6
-4.63
-16.67
-11.69
-11.38
-1.86
-9.25
0
-12.16
-8.34
-18.66
-8.31
-16.32
-2.75
-13.52
-1.68
-9.21
-1.52
-6.93
-2.48
-10.26
-3.24
-7.6
-8.29
-6.03
-5.45
-4.92
-4.43
-1.21
-11.94
-3.78
-7.55
-1.18
-14.24
-3.91
-13.52
-2.91
-13.7
-8.56
-25.26
-16.07
-16.03
-5.34
-9.28
-0.31
-10.51
-7
-15.65
-17.81
-18.95
-17.28
-11.24
-7.96
-3.76
-14.64
-9.1
-15.47
-16.99
-20.16
-14.13
-22.08
-8.34
-24.05
-11.85
-19.09
-4.45
-9.83
-10.66
-13.68
-13.79
-13.03
-11.35
-9.57
-13.12
-9.03
-17.03
-10.62
-13.23
-2.7
-6.62
4.16
-10.35
-2.57
-13.75
0.56
-4.27
2.19
-10.28
1.54
-6.66
2.41
3.02
-0.89
2.28
-1.01
-0.83
4.07
-0.45
4.67
-3.51
3.31
-1.72
6.82
-1.1
7.64
-5.79
7.8
-1.9
5.99
-11.18
-1.05
-7
-9.57
1.68
-2.91
3.53
-0.04
-3.38
-3.73
-3.11
1.1
-2.03
4.96
-2.53
5.9
0.69
7.87
-3.04
5.83
-1.54
12.03
4.83
15.18
2.88
6.77
0.36
13.12
6.48
11.49
4.34
8.81
10.62
10.13
10.3
9.68
8.85
6.97
12.94
5.86
9.72
3.49
12.45
1.45
6.62
-3.6
7.69
7.96
-0.07
10.51
1.54
12.27
5.72
7.04
-1.59
1.9
-0.83
3.73
7.71
3.2
7.98
7.31
11.51
4.92
2.32
10.53
3.51
13.21
1.9
12.83
5.36
16.7
6.24
17.55
4.83
8.61
-1.16
1.03
-4.14
4.78
7.13
10.91
12.47
10.39
8.61
4.96
9.97
5.07
10.33
0.42
9.43
6.48
-8.76
-2.03
-3.84
-12.27
0.34
-4.45
3.35
-3.91
1.48
-8.02
-5.54
-1.9
1.07
-2.79
-9.95
-7.82
-11.56
-7.42
-14.1
-4.45
-12.81
-4.85
-8.58
-1.39
-15.18
-3.84
-15.38
-6.59
-16.03
-8.81
-8.49
-14.84
-3.96
-1.07
-3
-5.48
-5.23
-6.95
-3.42
-5.14
-12.49
-5.45
-18.8
-7.93
-16.72
-6.01
-19.78
-13.5
-22.62
-11.4
-14.46
-2.88
-11.56
-6.77
-11.96
-6.91
-6.97
-7.4
-2.75
-5.74
-4.22
-7.26
-0.8
-3.31
0.38
-12.49
-8.11
-21.97
-8.23
-13.19
-1.01
-7.67
2.48
-7.33
3.82
-3.78
5.7
-1.63
-0.56
-4.05
2.48
4.54
13.01
6.21
9.21
6.1
8.49
0.8
7.85
-2.44
13.1
2.15
15.69
5.54
15.42
5.41
13.23
4.02
2.19
4.47
2.86
5.9
7.38
10.77
6.62
5.39
12.52
7.73
15.71
9.66
16.63
5.21
13.23
-0.47
-4.9
5.25
19.56
10.51
19.67
10.37
12.14
5.97
14.08
9.5
10.8
6.33
5.5
10.8
11.06
18.8
14.57
18.93
10.51
21.44
17.12
30.2
19.65
27.09
21.39
10.64
19.96
11.44
19.38
14.91
21.59
18.64
18.31
19.6
19.33
14.28
11.42
11.69
21.06
13.3
17.79
7.55
7.93
4.81
17.72
5.45
18.48
7.2
14.89
0.34
4.6
-6.44
4.56
2.82
8.83
-0.65
6.28
1.61
3.53
7.35
6.1
8.9
15.38
11.65
16.56
8.05
15.07
4.31
7.69
0.89
15.76
4.65
14.24
7.76
15.49
6.62
19.09
7.38
8.23
4.72
11.38
7.6
9.77
9.16
4.05
1.61
-0.69
0.92
-7.73
-0.85
-3.15
-13.1
2.97
-7.2
-1.52
-14.44
-6.21
-3.31
-7.2
3.91
2.1
14.31
4.34
6.1
1.99
1.36
2.68
-0.16
-3.73
0.25
-10.04
1.25
-5.65
0.74
-9.23
2.77
-7.82
-0.4
10.15
-1.07
8.56
-5.07
1.27
-5.59
3.35
-1.23
0.85
-2.97
-0.83
0.29
6.5
7.53
-1.83
0.74
-7.89
-0.6
-9.63
-1.77
-13.61
-7.02
-15.96
-1.74
-11.56
-8.92
-1.52
-10.48
-6.37
-14.75
-9.45
-13.95
-6.95
-13.57
-13.19
-10.86
-12.34
-8.56
-9.86
-9.07
-15.76
-5.12
-12.14
-3.26
-12.34
1.01
-8.45
2.79
-7.26
-0.4
-9.81
-0.04
-14.17
-7.09
-16.09
-7.71
-9.34
-6.91
-11.76
-12.47
-15.38
-17.01
-10.19
-15.27
-12.79
-13.01
-3.13
-15.15
-6.48
-16.96
-4.52
-12
1.79
-9.3
-18.57
-9.63
-22.31
-19.18
-26.04
-14.95
-18.4
-12.18
-12.29
-12
-8.94
-9.45
-9.97
-15.58
-12.11
-20.72
-11.8
-16.47
-6.44
-14.77
-5.1
-17.3
-12.03
-2.95
-9.45
-5.9
-17.48
-8.63
-14.04
-8.14
-13.25
-14.19
-20.34
-13.81
-15.09
-13.14
-14.91
-9.3
-14.28
-5.23
-9.57
-3.6
-19.49
-5.79
-17.17
-6.84
-19.07
-11.56
-20.94
-10.55
-16.47
-5.45
-9.07
0.38
-2.66
-2.53
-16.76
-22.51
-29.44
-50.6
-56.15
-75.35
-81.23
-100.94
-99.93
-115.98
-112.27
-127.63
-121.86
-136.37
-131.74
-145.62
-142.74
-160.06
-152.26
-151.75
-138
-134.67
-129.26
-127.09
-112.74
-92.34
-70.59
-45.87
-36.68
-33.06
-16.32
-14.8
6.84
2.82
14.53
8.94
26.98
33.39
32.39
45.62
44.75
56.42
54.94
65.49
61.36
65.13
63.84
67.7
72.69
75.53
82.14
77.56
85.99
80.94
72.51
78.28
68.66
79.24
55.45
69.87
60.84
53.91
59.37
60.06
59.03
56.21
55.68
54.56
52.41
53.78
47.1
50.74
40.55
43.5
33.66
43.18
31.69
42.22
31.72
41.4
31.49
36.5
27.94
38.65
26.89
31.34
33.01
28.86
31.11
28.54
27.36
27.6
26.42
31.31
24.48
31.52
24.23
29.53
21.79
27.14
16.27
26.26
11.76
15.49
0.38
9.68
-0.09
8.38
-1.74
-0.36
-8.49
-2.32
-5.7
-5.07
-9.72
-14.33
-17.21
-12.74
-11.49
1.34
-2.1
8.49
1.43
13.28
4.27
6.12
17.08
10.26
25.73
22.02
32.63
31.67
43.81
40.34
41.04
37.31
38.78
38.51
43.25
40.68
48.17
39.65
51.14
44.1
50.25
40.7
49.91
35.79
49.64
39.7
48.84
39.18
43.54
30.93
31.29
23.78
24.92
19.18
20.25
19.87
17.72
23.67
21.06
20.16
26.13
20.12
28.3
18.28
29.55
20.43
27.92
15.67
23.22
9.21
17.41
6.39
8.92
-0.6
5.95
-1.65
0.29
-2.3
-3.6
-3.89
-3.11
0.49
0
4.54
0.36
-9.86
-2.7
-12.23
-1.25
-13.39
-2.21
-10.97
-7.6
-17.97
-11.09
-23.13
-12.38
-18.4
-15.53
-16.05
-18.93
-14.73
-16.38
-18.46
-17.1
-11.22
-8.69
-17.59
-13.9
-2.62
-10.51
-0.63
-8.78
0.36
-12.7
-3.89
-16.56
-8.25
-15.53
-8.16
-12.72
-5.45
-6.73
-3.69
-3.55
-6.44
-5.3
-9.99
-7
-14.39
-3.73
-10.21
-10.37
-2.68
-1.45
-9.5
1.48
-4.76
3.71
-7.11
-1.5
-13.28
-8.99
-11.89
-2.84
-3.82
-0.04
-1.88
-2.77
-0.85
-5.88
-4.9
-15.09
-12.74
-22.64
-10.97
-19.94
-10.15
-16.41
-6.17
-20.16
-10.71
-23.92
-18.75
-31.07
-24.1
-24.61
-16.41
-21.55
-11.29
-12.54
-11.49
-8.11
-8.36
-10.71
-15.56
-5.65
-9.34
-19.87
-11.06
-20.56
-16.56
-27.89
-18.28
-30.87
-24.12
-22.2
-33.48
-23.47
-28.36
-22.17
-25.06
-22.64
-28.05
-31.83
-33.71
-39.23
-39.92
-42.94
-34.87
-42.31
-38.42
-41.53
-34.42
-48.12
-43.61
-56.62
-46.87
-55.12
-42.92
-53.44
-46.42
-56.53
-47.25
-53.58
-54.63
-63.84
-62.92
-63.17
-63.17
-64.78
-68.51
-66.45
-70.16
-64.53
-74.27
-69.04
-79.53
-84.47
-77.14
-88.11
-73.09
-79.95
-72.22
-80.44
-72.62
-84.91
-77.36
-85.18
-83.24
-87.82
-84.78
-88.47
-87.06
-86.32
-90.12
-85.36
-91.02
-90.84
-98.59
-91.91
-103.35
-96.22
-106.24
-97.79
-107.6
-96.54
-102.01
-89.56
-101.1
-95.37
-106.75
-111.6
-108.83
-115.09
-111.54
-116.32
-114.82
-111.87
-110.35
-114.35
-110.33
-120.74
-113.61
-118.69
-108.36
-117.7
-109.46
-122.35
-113.3
-124.16
-112.79
-121.26
-112.45
-122.64
-117.35
-125.04
-123.78
-129.51
-123.61
-123.61
-125.93
-121.06
-118.17
-116.77
-123.02
-117.32
-122.82
-110.8
-121.64
-112.72
-123
-110.91
-119.65
-114.04
-122.8
-120.05
-130.69
-115.49
-115.96
-98.64
-102.93
-103.4
-107.31
-111.13
-109.48
-109.97
-105.92
-107.38
-97.52
-104.81
-94.93
-103.87
-94.99
-101.61
-91.55
-104.92
-95.17
-104.74
-90.57
-101.14
-90.52
-95.44
-88.16
-87.89
-79.82
-83.82
-87.15
-89.68
-88.69
-86.7
-83.64
-73.76
-79.08
-70.65
-79.91
-73.69
-84.27
-72.69
-84.76
-76.58
-88.04
-78.61
-64.28
-71.15
-66.61
-77.16
-71.15
-72.42
-67.32
-63.21
-64.4
-65.42
-68.58
-63.46
-65.8
-59.28
-68.02
-61.49
-69.85
-54.47
-62.18
-51.61
-63.17
-54.07
-62.47
-47.54
-54.4
-46.2
-49.37
-41.1
-43.34
-35.38
-38.4
-33.86
-30.24
-27.18
-29.06
-26.15
-28.95
-14.84
-10.8
-18.71
-11.91
-30.87
-22.96
-33.91
-20.81
-24.05
-14.91
-25.01
-18.08
-21.84
-15.69
-14.82
-14.55
-18.4
-19.69
-17.39
-20.41
-12.94
-13.17
-6.5
-15.74
-5.28
-18.66
-8.72
-14.28
-4.38
-11.22
-4.92
11.67
4.11
5.05
1.25
11.11
11.69
16.99
19.11
16.83
19.69
16.25
16.79
10.17
10.8
3.64
19.89
33.1
22.37
22.51
10.89
25.15
19
32.61
26.82
22.31
31.69
26.44
23.51
15.2
16
19.13
22.37
25.97
21.7
24.1
22.51
35.34
31.47
38.15
24.23
32.25
19.4
31.87
22.37
30.51
22.15
34.33
43.32
30.02
34.13
28.88
35.85
42.2
51.23
50.94
48.84
49.78
46.07
51.63
46.47
54.78
44.79
53.35
45.11
55.01
44.5
55.23
50.87
38.49
48.44
43.88
53.22
45.71
49.49
42.58
44.79
38.6
37.13
38.42
45.11
45.33
36.93
38.07
47.3
39.43
48.12
39.7
50.92
37.86
49.84
40.05
49.55
48.75
44.52
52.79
46.56
51.21
44.77
41.73
45.73
45.04
37.19
44.28
41.26
48.55
45.11
29.77
34.62
26.78
38.69
28.72
45.4
38.07
52.91
41.26
46.09
37.82
37.89
31.67
38.91
41.98
52.95
52.77
52.48
55.72
48.39
53.76
44.88
54.96
45.11
53.91
43.43
54.96
40.34
53.91
43.81
52.59
39.41
36.01
40.95
36.12
42.09
42.54
42.33
49.2
55.14
49.58
55.81
55.45
50.83
40.84
55.45
49.17
62.63
50.98
62.03
48.68
61.18
57.82
52.75
59.97
52.12
53.44
50.58
50.49
50.31
50.09
52.68
49.51
50.29
41.55
53.51
47.32
56.21
51.03
65.18
53.53
66.23
57.53
64.31
53.42
64.51
54.2
64.75
61.13
65.69
68.82
65.87
66.07
69.51
67.41
66.23
62.79
67.21
60.93
69.92
57.78
64.04
55.39
72.84
68.8
82.08
69.58
75.28
64.86
73.11
68.31
73.13
69.25
74.45
70.56
67.77
68.87
66.25
68.89
63.03
67.66
62.27
73.81
65.65
72.13
55.39
65.31
54.16
63.81
57.06
67.06
61.76
69.76
65.33
68.71
63.21
65.4
64.51
61.58
65.11
61.09
64.95
60.26
67.08
55.97
62.83
56.46
68.26
60.89
69.36
55.28
68.15
60.86
75.86
67.37
62.61
61.76
54.38
62.23
53.69
53.85
57.31
51.3
49.24
53.42
62.43
58.45
65.36
57.47
62.23
52.26
69.36
59.97
67.77
55.01
62.58
50.65
61.13
48.84
57.02
45.6
50.94
45.2
49.49
49.2
43.41
40.99
43.97
43.88
38.31
46.11
37.89
46.56
41.95
48.46
36.1
50.29
53.91
47.9
42.87
38.8
43.94
52.44
50.6
53.17
40.12
40.61
30.44
35.65
43.16
56.3
54.43
64.57
49.93
56.64
46.04
49.46
39.32
47.65
40.5
59.08
49.73
56.55
50.25
58.7
57.53
62.18
59.39
62.99
59.72
58.2
57.69
63.28
58.07
65.54
58.54
66.27
60.19
70.03
58.43
64.75
55.59
56.59
64.55
52.86
53.78
45.06
53.6
47.03
50.83
43.09
46.4
49.82
53.04
57.44
50.56
47.27
42.45
51.21
42.58
54.14
43.03
44.48
54.14
39.23
46.54
37.95
45.91
35.38
34.11
35.7
33.44
35.11
32.03
29.08
32.66
28.39
35.87
30.64
39.27
34.42
38.58
24.21
35.79
42.16
32.45
-4.85
4.45
-1.83
6.86
-5.9
4.43
-3.64
6.3
-7.2
1.5
-9.43
-0.92
-10.75
-1.9
-8.58
-6.48
-11.38
-6.33
-9.37
-3.93
-1.12
-3.49
-2.48
-3.38
3.22
-1.36
5.57
-0.47
4.83
-6.06
6.3
-8.34
-1.54
7.09
-4.22
6.97
-1.48
6.15
3
8
-0.83
8.63
7
7.26
7.55
2.3
-4.18
-8.34
3.87
0.4
11.94
9.1
15.42
4.16
18.93
7.96
17.03
5.5
17.52
4.14
3.35
9.23
1.9
12.09
9.7
15.11
15.33
15.94
15.04
16.88
19.69
12.45
16.41
6.26
8.07
3.46
17.17
10.64
23.87
14.37
18.31
4.87
11.78
-2.57
6.08
-4.58
2.44
-2.21
8.49
3.13
6.71
2.1
3.73
2.5
0.09
5.07
-4.63
0.69
-3.58
2.17
-7.13
-1.45
-11.65
0.45
-10.35
-2.46
-12.41
-5.43
-13.41
2.3
-2.28
7.58
2.21
-3.38
0.2
0
1.1
0.78
-2.46
-12.81
-5.88
-13.72
-5.74
-13.9
-6.3
-19.24
-11.29
-17.48
2.32
-8.56
-7.76
-16.94
-12.49
-18.73
-13.32
-18.15
-7.89
-6.12
-7.71
-9.12
-15.31
-19.02
-20.9
-13.34
-4.78
-14.51
-3.35
-14.31
-5.68
-11.94
-1.94
-13.17
0.67
-5.25
5.01
-3.33
0.98
-2.62
-2.28
-3.8
-4.22
-4.43
0.56
-4.2
-2.19
10.04
0.89
9.92
1.97
9.54
-6.19
4.6
-8.14
-1.12
-8.85
-0.13
-9.19
-1.21
-12.63
-7.69
-12.96
-8.18
-8.78
-9.63
-14.73
-9.59
-17.55
-20.61
-13.55
-20.14
-8.54
-23.4
-16.21
-26.33
-15.18
-25.75
-14.51
-22.33
-34.4
-28.86
-32.5
-23.65
-24.43
-18.71
-21.9
-26.93
-25.28
-25.21
-21.03
-28.1
-22.55
-25.41
-14.93
-18.78
-12.09
-17.66
-28.39
-10.68
-16.65
-8.85
-20.83
-9.21
-18.13
-12.81
-16.83
-13.57
-19.04
-16.23
-17.66
-20.81
-17.84
-18.66
-19.13
-24.86
-18.24
-30.49
-16.43
-18.78
-10.39
-20.25
-8.34
-10.66
-21.61
-11.91
-16.99
-8.07
-16.54
-8.92
-14.75
-6.15
-1.74
-1.18
-7.76
-8.67
-8.09
-5.5
-13.17
-7.44
-3.31
-10.71
-7.58
-19.49
-7.89
-18.57
-8.23
-23
-22.49
-33.04
-17.99
-23.49
-13.97
-18.08
-18.28
-21.12
-20.12
-22.4
-21.19
-16.79
-14.26
-6.08
-13.63
-8.18
-19.04
-9.41
-17.46
-10.51
-19.09
0.38
-4.76
5.63
-2.59
-1.21
-15.94
-8
-14.08
-2.62
-1.03
13.5
12.34
8.52
7.42
8.87
2.88
3.49
-3.53
6.24
2.79
12.63
3.22
5.97
-5.01
9.1
2.57
2.68
11.56
1.65
13.03
5.88
9.7
4.85
6.01
5.34
9.48
9.25
3.64
5.07
8.65
11.33
8.29
-2.82
4.09
-1.61
13.68
3
13.57
4.67
11.62
-3.17
4.09
-6.86
1.34
-6.41
-4.69
-9.75
-3.46
-0.4
3.13
5.1
3.49
0.34
-3.4
3.82
0.83
4.52
-8.29
0.85
-1.3
11.15
7.02
15.76
-0.13
6.15
-2.48
8.96
-2.01
4.49
-5.16
-4.6
1.25
-2.21
-2.97
-7.42
-10.26
-7.33
-7.29
-1.56
-11.91
-4.14
-13.3
-7.64
-21.08
-5.5
-14.75
-0.25
-7.31
0.67
-11.11
-2.86
3.02
0.47
6.15
2.08
4.9
4.85
6.44
5.19
6.39
-0.98
1.36
-7.33
-8.2
0.4
-9.68
-1.61
-11.78
-1.16
-13.5
-8.69
-18.69
-5.01
-10.55
-0.96
-9.57
-5.16
-9.07
-6.01
-6.53
-9.25
-10.37
-3.06
-7.09
1.74
-2.59
6.19
-7.44
4.05
-4.07
-3.11
3.49
-9.12
0.31
5.97
-3.02
1.68
-3.02
0.6
-4.29
-0.38
-3.49
-4.14
-1.83
-5.36
-7.26
-15.02
-1.83
-5.03
1.56
-10.62
-4.09
-14.33
-3.24
-16.96
-5.28
1.1
-6.37
-3.2
-12.45
-9.07
-11.2
-3.31
-4.69
-5.79
-6.5
-8.74
-13.75
-9.86
-15.85
-9.68
-13.17
1.45
-5.43
9.66
-6.91
-2.86
-13.1
-3.35
-10.86
2.08
-6.95
-14.39
-11.91
-17.75
-15.31
-18.93
-16.07
-13.66
-15.51
-10.01
-11.06
-4.74
-13.79
-7.31
-16.76
-12.7
-13.28
-5.77
-17.34
-7.96
-15.36
-4.67
-14.77
-6.93
-13.03
-8.25
-8.29
2.06
-0.38
-0.04
1.12
1.88
6.59
4.49
8.36
-3.76
2.32
-6.39
2.64
-2.53
-12.83
-1.54
-10.37
-0.42
-13.34
-5.72
-18.66
-9.95
-13.43
-6.97
-7.13
-13.21
-18.22
-21.9
-20.59
-13.12
-16.54
-5.86
-15.53
-13.17
-25.26
-16.29
-26.53
-16.09
-23
-13.12
-24.74
-16.09
-11.49
-19.38
-12.23
-18.98
-13.7
-16.99
-15.96
-17.7
-21.01
-18.1
-15.74
-9.95
-14.17
-11.15
-22.2
-15.78
-23.18
-8.94
-7.78
-16.21
-3.93
-10.42
0
-6.26
-13.03
-1.72
-6.82
-4.9
-12.09
-10.75
-9.88
-7.49
-5.86
-16.03
-18.69
-13.3
-19.54
-12.56
-24.77
-19.49
-30.55
-17.9
-16.58
-18.17
-28.72
-17.88
-24.21
-15.67
-23.69
-18.24
-25.91
-26.04
-25.48
-22.89
-25.21
-27.31
-24.23
-35.72
-27.18
-29.35
-21.37
-29.48
-15.67
-12.16
-10.46
-20.61
-10.8
-17.88
-8.74
-14.86
-8.96
-13.39
-7.49
-6.33
-4.29
-4.56
-6.15
-4.96
-6.37
1.7
-3.35
2.41
-6.62
0.16
-12.23
-11.76
-3.53
-11.22
-0.27
-11.33
-2.21
-6.46
-3.67
-10.62
-3.38
-6.84
0
-1.59
-0.51
-2.39
-4.56
0.56
-0.29
3.35
-5.28
0.51
-2.57
5.95
-0.51
11.53
3.08
21.14
9.03
16.5
5.43
9.45
-0.02
3.2
2.82
9.28
2.53
0.65
-2.28
-4.81
2.19
-2.77
1.9
-5.65
0.89
-2.44
7.67
-0.54
12.72
-0.96
9.39
-0.76
9.05
0.18
12.76
3.98
9.05
4.9
8.85
2.3
2.79
2.46
3.46
1.18
-1.86
2.7
2.79
8.31
8.78
14.42
-0.78
5.14
-0.42
8.45
-3.46
6.21
-6.64
1.43
-7.04
3.91
-4.9
2.93
-2.17
2.88
-3.71
1.32
-1.97
-3.42
-0.07
-1.21
2.1
-4.78
0.56
-3.98
5.28
6.28
17.59
4.98
0.18
14.04
3.24
0.45
7.6
0.8
6.93
-5.36
0.96
-1.56
-0.04
2.08
4.98
-5.92
-2.95
-7.24
-1.54
-3.42
6.86
-2.26
4.14
-7.71
7.51
-1.92
9.77
-0.6
7.44
-2.79
5.36
-6.75
-3.58
-11.91
-1.56
-3.33
3.49
1.86
-1.03
1.68
4.9
-0.29
4.72
-1.39
4.09
-3.84
-7.58
4.4
-6.35
6.91
-5.3
4.38
-4.18
7.82
2.48
8.43
-1.83
-1.34
-3.49
-0.56
0.6
2.32
0.78
7.91
-0.47
0.72
-8
1.01
4.6
-3.35
5.77
-3.6
10.91
2.21
12.43
0.65
8.07
-2.75
7.13
1.21
3.73
-5.52
-0.34
0.31
4.74
6.97
0.2
-2.68
-3.64
7.26
2.3
12.2
3.53
14.13
0.63
6.44
-4.18
4.36
7.17
-2.41
5.77
-1.83
8.45
5.7
0.49
-9.77
-5.1
-5.28
-3.35
0.92
-5.36
-9.41
-3.55
-4.65
5.92
-1.97
7.69
-3.08
-1.83
8.61
-3.64
2.73
-8.16
1.14
-7.31
-1.68
-4.52
0.45
-5.61
-5.45
-1.3
1.88
-3.8
-1.21
5.39
-1.99
6.06
-4.56
2.68
-3.06
7.29
-0.25
10.1
-1.86
5.92
-8.45
0.69
-5.77
2.01
-2.03
-0.96
-5.05
-2.24
-3.49
-4.76
-5.52
-11.71
-5.54
-10.91
-2.21
-5.07
4.63
-4.56
5.63
-4.67
1.12
-13.21
-1.74
-12.85
-0.67
-7.8
-0.13
-4.52
4.58
-0.85
2.75
1.92
2.37
6.71
5.7
2.93
5.1
10.42
-2.39
1.32
-5.63
4.54
-2.1
12.92
4.02
1.99
9.75
-1.79
8.29
4.47
10.97
4.25
7.17
-0.11
1.54
1.43
5.32
10.26
2.46
14.15
5.95
13.48
0.98
8.54
-5.99
4.05
-5.14
3.93
-4.22
5.28
1.77
12.27
3.31
9.75
3.35
1.88
-3.31
-0.69
-0.18
-1.07
0.67
-5.19
0.04
-3.58
9.48
0.72
7.62
-4.9
4.47
-4.72
3.02
-5.05
0.56
5.79
-0.13
11.06
-0.22
-0.11
-5.92
-1.12
-4.27
-1.68
-4.18
-9.57
-5.32
-11
-8.31
-16.21
-7.31
-12.2
-0.4
-6.41
0.22
-11.87
-1.61
-17.57
-8.83
-15.27
-5.16
-7.22
2.77
-3.71
2.68
-5.79
-5.07
-5.9
-6.5
-5.57
-9.41
-6.73
-9.57
-8.76
-8.47
0.29
-6.77
0.56
-7.76
6.21
-8.54
-4.52
4.76
-2.82
8.27
2.48
-4.85
3.96
4.22
9.88
8.27
10.15
12.29
10.33
10.86
2.73
4.34
1.97
14.22
5.34
13.08
1.27
10.13
-2.39
5.68
-6.66
9.32
5.9
17.7
8.76
13.21
0.98
6.12
6.01
2.39
1.88
0.4
-5.05
-5.25
-8.76
-9.86
0.04
-10.66
-3.71
-12.43
3.46
-2.46
14.84
4.43
15.89
5.81
13.03
5.48
9.37
0.4
6.37
-0.11
1.97
5.3
10.35
13.01
12.52
16.54
7.06
7.98
-1.21
7.71
3.04
16.34
9.07
-0.27
12.29
12.52
2.21
6.82
-5.79
0.22
-6.77
-0.36
-0.31
2.37
-3.51
-5.65
-3.02
8.11
5.92
4.2
-4.05
-5.79
3.33
-6.28
2.06
-1.05
-9.41
-2.53
-9.05
-1.94
-12.34
-4.49
-8.43
-3.69
-9.05
-14.89
-14.84
-8.16
-10.1
-9.7
-11.02
-1.03
-5.3
5.45
-3
-12.94
-4.54
-3.02
-10.35
-0.18
-16.23
-7.24
-12.14
-19.62
-16.58
-16.32
-11.76
-8.45
-14.75
-8.52
-13.1
-7.13
-11.27
-4.72
-13.57
-3.58
-16.12
-8.2
-17.5
-4.96
-10.28
-10.44
0
-4.9
2.62
-2.86
0.38
-10.08
-8.43
-7.42
-5.77
-0.92
-4.58
-0.83
-8.85
-5.1
-11.24
-1.05
-13.5
-6.21
-12.47
-1.92
-6.41
8.18
-0.38
8.07
-2.66
5.25
-2.5
-2.17
1.54
-3.84
-5.83
-0.92
0.29
-1.92
-8.2
-9.07
-20.25
-19.8
-12.76
-19.38
-5.03
-11.56
-5.12
-20.38
-16.16
-29.15
-12.9
-17.08
-8.11
-14.48
-7.51
-15.4
-20.72
-21.37
-20.68
-18.24
-11.56
-13.77
-9.1
-17.05
-8.23
-13.21
-8.54
-15.2
-1.36
-10.75
0.34
-6.3
2.64
-8.76
0.87
-5.99
-3.04
-14.19
-8.67
-13.41
-9.77
-7.04
-2.77
-1.54
-3.35
-7.09
-13.61
-5.5
-10.19
2.59
-4.72
1.86
-10.13
-0.27
-6.68
5.97
-6.79
0.38
-10.44
-3.06
-11.27
-1.32
-11.49
-6.73
-11.69
-7.64
-6.73
-6.82
-11.35
-12.41
-10.13
-16.67
-5.9
-6.91
-2.62
-13.17
-1.32
-7.69
-16.47
-8.07
-22.22
-9.54
-13.84
-2.62
-7.82
0.65
-5.45
-0.72
-5.34
-1.52
0
-0.2
-0.74
-1.56
-1.27
-8.11
-9.9
-6.35
-14.1
-3.91
1.01
-5.95
5.1
-3.4
8.52
-0.83
11.33
1.97
8.4
-1.07
5.45
2.06
10.68
11.82
12.32
10.08
8.76
11.31
4.2
11.38
3.29
11.13
4.25
14.69
4.07
15.36
3.64
10.66
2.62
4.31
14.46
6.66
11.67
13.52
11.29
12.45
14.22
12.43
9.9
9.12
12.87
8.61
14.82
8.63
17.55
8.96
19.29
12.03
19.65
10.04
19.33
7.62
16.9
5.77
13.21
4.11
9.54
2.01
3.76
-0.31
3.69
1.34
3.24
2.53
-1.27
0.31
-5.39
-13.05
-4.2
-0.78
-11.67
-4.96
-14.57
-1.41
-15.15
-5.12
-13.72
-4.09
-14.42
-2.75
-10.15
-6.95
-5.72
2.93
3.49
-1.25
-3.24
-9.7
-8.81
-11.98
-4.56
-3.15
-10.21
3.53
-6.93
2.68
3.31
-1.14
7.49
-3.06
-0.11
-9.19
0.92
0.25
3.87
0.29
2.26
1.54
3.33
4.38
-1.18
5.14
0.87
-7.29
-3.53
-2.28
-10.26
3
-5.23
6.33
-1.86
6.35
-3.13
3.67
-6.55
-0.31
-8.52
-10.39
-10.62
-6.75
2.03
4.31
6.93
6.64
-0.34
5.54
-6.17
-1.45
-9.54
2.19
-4.29
4.07
-4.22
1.41
-9.59
-0.13
-6.1
1.48
-7.8
0.78
-4.58
-0.25
-4.94
-9.25
-14.06
-15.29
-10.66
-8.81
-17.21
-22.91
-15.09
-26.29
-18.66
-24.01
-13.03
-19.09
-5.32
-17.14
-8.07
-17.81
-12.14
-22.13
-15.94
-20.43
-16
-17.81
-15.4
-17.3
-19.18
-18.93
-17.59
-11.96
-8.67
-23.25
-19.24
-28.16
-17.86
-24.27
-9.72
-21.61
-14.31
-24.25
-15.53
-27.85
-19.89
-27.96
-19.56
-17.5
-9.88
-13.37
-13.95
-17.79
-19.29
-11.53
-16.16
-12.07
-13.37
-22.64
-12.47
-18.17
-9.01
-18.15
-10.8
-20.38
-11.8
-21.1
-7.42
-18.91
-11.82
-20.14
-14.37
-15.83
-13.93
-16.41
-10.21
-12.65
-11.73
-7.2
-10.19
-4.29
-4.09
-16.88
-9.97
-16.7
-4.78
-13.46
-2.64
-16.16
-5.41
-14.1
-6.12
-16.43
-6.88
-5.39
-2.53
-6.75
-6.39
-9.59
-11.31
-8.29
-12.99
-8.69
-15.13
-3.29
-13.12
-13.1
-5.01
-12.32
1.07
-10.1
-0.65
-5.81
5.54
-1.39
7.91
1.1
6.3
-3.11
-2.59
-5.57
-3.62
1.05
4.36
8.49
6.93
0.74
9.66
3.22
13.19
0.89
11.69
1.45
13.01
5.16
15.45
2.48
9.9
4.22
7.04
11.94
5.45
11.29
11.4
8.96
7.26
1.05
-0.65
-5.63
3.08
-1.88
3.98
-2.64
8.36
-2.93
6.82
-1.32
7.67
-3.26
8.29
-3.26
6.75
1.81
6.5
1.36
6.26
0.67
5.7
4
6.75
0.27
5.7
-0.31
6.39
3.4
11.27
4
14.17
3.49
15.65
8.4
20.14
15.76
26.91
16.52
20.23
13.86
17.9
6.75
8.52
2.39
3.98
2.93
0.96
-0.83
-2.32
2.55
2.41
11.49
2.41
11.53
4.25
14.6
7.8
22.75
13.9
27.92
17.43
28.45
19.92
33.62
23.76
23.51
11.31
23.85
25.55
19.24
11
6.75
15.87
10.3
13.32
5.32
13.95
1.94
10.93
1.03
14.35
3.31
12.9
6.12
18.46
8.54
20.7
13.03
14.24
3.62
12.09
8.38
10.19
8.16
8.69
9.23
5.54
8.43
-0.83
-1.32
-8.94
-1.92
-9.61
-0.69
-13.37
-3.64
-19.51
-10.35
-23.65
-15.87
-21.26
-8.94
-13.05
-3.24
-10.37
-4.76
-5.97
-6.1
-10.95
-9.95
-6.59
-11.91
-3.8
-6.95
2.66
16.5
4.27
8.54
8.4
2.12
14.04
-0.89
6.68
-0.6
6.46
5.74
0.92
2.28
-3.31
-4.31
-1.16
-1.94
6.01
5.52
2.55
-6.68
1.36
-8.4
-2.66
-12.92
-4.67
-17.01
-3.91
-8.09
3
-2.93
9.9
0.29
5.28
-5.48
3.98
4.09
10.62
13.46
16.16
14.28
14.57
18.95
11.27
19.04
8.96
12.96
23.42
12.87
23.51
10.19
17.77
2.97
16.12
11.53
21.19
16.09
25.44
21.03
23.98
15.29
4.94
4.27
9.39
9.39
6.3
4.4
14.33
17.41
10.77
12.56
-2.97
9.01
2.7
-1.92
10.08
-3.6
7.96
-1.32
5.9
-1.88
1.92
-4.96
0.47
2.66
6.35
6.73
0.13
-0.36
-5.48
1.83
0.89
14.46
8.54
18.57
10.1
16.05
6.86
18.62
9.45
6.95
14.57
5.54
16.67
12.14
15.42
4.18
5.59
5.97
10.17
12.25
16.99
17.01
11.33
20.52
10.04
13.48
16.34
10.37
18.19
5.34
12.87
0.16
9.95
0.58
13.97
8.18
4.98
12.16
9.05
9.97
8.47
4.47
8.83
3.76
4.83
9.52
-3.31
6.55
-3.24
5.77
-2.21
10.19
2.77
7.47
-3.96
-2.39
-5.52
2.73
-1.14
-1.27
-4.52
-1.25
2.48
4.81
6.03
-6.1
-2.03
-5.3
6.24
-4.45
1.41
-9.5
2.95
-3.6
7.49
-2.19
0.02
-13.95
-4.87
-10.95
0.36
-1.94
2.41
-1.5
0.4
2.55
4.58
7.42
4.72
6.24
4.22
8.69
-5.25
0.2
-6.93
5.41
-0.29
9.43
-4.22
2.5
-6.88
3.76
-6.08
2.41
1.65
-1.41
1.83
-2.41
-3.98
-3.42
-1.36
-2.7
2.21
-2.64
1.99
-8.05
-3.08
-10.39
1.79
3.04
-9.16
1.18
-7.11
4.14
-4.72
2.77
-4.78
2.01
-7.55
-3.31
-6.66
3.22
3.8
0.89
-5.54
-0.4
-6.35
1.34
-1.88
5.1
-6.26
1.79
-13.17
-5.92
-8.54
1.21
-11.33
-6.17
-14.84
1.01
1.79
13.66
7.22
5.61
0.36
6.3
2.59
2.5
4.58
1.7
5.7
-3.33
0.65
-7.93
1.18
-7.4
0.63
-12.23
1.12
-7.91
-7.44
-1.12
-9.66
-7.67
0.47
0.54
0.34
-1.18
-4.67
-3.49
-5.34
-7.38
-0.42
-11.24
-5.86
-18.02
-6.33
-11.69
5.61
-3.93
4.92
-3.42
-11.4
-6.03
-15.18
-15.89
-16.09
-7.69
-7.38
-12.99
-10.21
-17.23
-11.71
-13.57
-8.58
-20.23
-11.56
-20.09
-7.38
-9.99
-14.71
-3.04
-9.66
1.32
-7.69
-1.36
-10.89
-3.15
-0.67
-0.34
1.7
-2.41
-1.65
8.02
-2.19
-7.96
2.91
-2.64
5.59
-5.07
2.55
-6.55
4.56
-7.17
6.33
1.07
8.78
5.12
11.58
4.2
7.53
7.33
5.68
5.36
3.26
7.76
2.95
5.92
0
6.37
-0.54
9.52
-2.57
5.5
-5.32
4.14
-6.68
0.34
-10.44
-0.83
-9.32
-1.16
-10.04
-7.35
-7.09
2.39
1.34
2.46
-0.67
-8
-6.73
-11.29
-2.97
-7.85
1.34
-5.86
3.64
-7.73
0.13
-10.1
1.92
-8.09
3.49
-4.96
-7.31
0.29
-6.3
-3.55
0.16
-3.08
-4.09
-4.87
-1.41
6.5
-5.54
-1.3
-9.7
2.86
-4.65
3.55
-9.32
7.85
1.48
17.99
12.52
15.07
7.4
18.19
15.47
14.82
7.53
3.55
1.32
6.28
7.24
4.63
10.97
4.31
8.54
3.73
8.72
0.09
1.03
13.21
3.04
13.55
4.47
13.48
3.91
6.44
5.21
3.76
17.75
19.49
9.43
10.95
14.75
11
15.22
11.31
18.33
7.06
14.57
4.18
10.55
4.14
10.93
3.82
12.11
1.56
12.47
3.51
10.42
5.01
10.71
-2.12
-0.16
-0.34
11.13
11.98
10.55
9.72
2.24
6.66
6.1
10.42
0.8
11.31
4.18
7.64
-4.14
5.77
-4.72
8.49
-0.09
-0.83
6.24
-1.27
2.62
-4.36
2.55
-0.13
-3
-4.47
-7.53
1.79
2.68
-3.98
-4.11
-17.03
-5.25
-11.15
-2.06
-14.89
-3.38
-11.27
-2.01
-11.71
-6.77
-12.29
-8.31
-16.54
-15.04
-15
-10.1
-8.09
-11
-9.16
-20.88
-24.03
-12.11
-16.63
-3.35
-8.94
-17.03
-1.21
-11.09
-2.24
-10.75
-6.1
-13.41
-12.34
-8.76
-17.81
-11.24
-12.11
-4.25
-4.47
-6.01
-6.91
-13.75
-7.35
-14.86
-11.85
-17.99
-8.74
-17.77
-6.82
-17.72
-6.55
-16.67
-3.33
-14.33
-4.69
-13.75
-10.57
-22.46
-14.82
-18.75
-14.19
-16.76
-17.12
-16.05
-14.33
-5.68
-7.73
-6.88
-12.85
-9.81
-0.13
-12.85
-3.11
-13.14
-3.13
-3.06
-15.27
-1.03
-5.34
7.47
3.04
5.72
-1.7
3.67
4.52
6.06
2.46
-1.14
0.51
-1.61
4.07
-2.03
1.94
-5.41
3.24
-7.73
-0.22
-15.65
-2.12
-3.29
13.81
4.81
14.86
1.18
3.51
-3.87
2.5
-8.27
-8.2
-7.44
-6.12
-6.93
-7.64
-9.16
-22.93
-16.34
-14.01
-5.83
-8.31
8.43
-0.8
10.8
12.92
22.58
9.99
17.75
6.21
11.73
4.45
2.62
4.2
-5.07
3
1.54
4.83
6.35
3.55
4
1.77
7.51
3.33
9.48
1.77
11
4.27
13.84
0.13
6.86
-8.49
3.04
-0.78
11.78
2.19
7.22
-0.27
11.96
12
16.96
11.29
11.24
15.31
14.95
21.23
12.52
12
5.19
8.36
4.02
14.64
1.81
12.54
-0.92
2.5
12.94
9.59
15.33
6.41
14.15
9.32
15.29
10.62
10.28
12.65
16.96
18.48
22.22
13.05
19.09
6.95
15.58
5.59
18.08
14.71
28.74
14.28
18.98
9.97
20.43
12.29
19.38
10.75
16.7
14.82
11.09
7.64
7.62
10.91
17.23
15.07
8.16
20.88
10.82
15.38
-2.03
7.17
-0.04
15.65
6.46
10.04
-6.37
1.18
-6.84
4.38
0.09
6.46
2.93
-0.63
-7.35
-8.23
-3.08
0.07
9.01
2.46
-3.35
6.44
-0.56
8.74
11.96
2.39
14.89
0.78
6.12
-3.73
2.73
-5.36
1.79
-6.59
0
-3.11
1.88
2.26
-3.89
-1.86
-9.57
-2.86
-13.7
-8.16
-14.73
-2.53
-7.67
0.22
-15.74
-10.33
-21.77
-9.66
-16.61
-8.69
-20
-15.65
-20.76
-16.47
-21.82
-17.43
-18.46
-17.7
-14.37
-17.14
-12.14
-16.47
-6.44
-9.75
-1.3
-13.93
-9.12
-21.9
-13.34
-22.02
-10.44
-11.96
-16.79
-5.05
-13.5
-5.5
-13.81
-10.62
-14.57
-7.91
-5.61
-4.45
-0.69
-2.37
-1.99
-9.7
-5.52
-14.44
-5.39
-10.89
3.2
-6.01
4.14
-8.07
0.31
-10.1
-0.09
-7.38
1.41
-4.38
2.06
-7.62
-6.3
-8.11
-5.83
-0.78
5.68
5.63
-1.23
1.9
-2.68
6.5
-0.36
8.29
11.13
5.52
17.95
4.87
11.02
2.73
14.86
23.83
13.01
16.74
15.53
20.52
18.53
11.67
7.49
9.92
15.6
11.53
22.08
10.59
0.92
2.17
-10.39
2.44
-5.14
7.02
-2.44
7.26
-1.14
-1.63
3.82
-5.41
-1.01
0.69
2.24
1.14
-0.18
-1.77
0.56
-3.73
1.14
-7.2
1.21
-10.51
2.17
-7.78
0.54
-6.68
7.13
9.88
0.13
7.06
4.07
11.33
5.12
7.04
7.64
5.57
11.09
8.78
16.16
12.54
19.47
20.32
6.08
18.42
6.5
11.4
4.02
12.61
-1.83
8.49
3.67
9.66
3.42
11.6
1.34
3.17
1.77
1.77
-2.75
-1.41
0.13
-1.32
8.56
1.07
4.31
-5.1
4.14
-0.76
8.58
2.7
11.18
-0.76
12.29
2.68
13.03
5.21
7.98
-2.95
3.38
4.22
7.35
5.21
3.46
0.54
2.15
7.17
5.48
7.76
0.63
9.99
1.7
5.19
-8.61
-4.05
10.71
0.27
12.2
0.34
10.57
3.82
11.82
1.94
7
5.39
9.39
7.71
10.06
9.83
8.72
5.68
9.41
0.47
2.39
-8.11
2.86
-0.76
-17.14
-5.5
-10.48
5.25
-4.56
-3.35
-16.16
-12.03
-7.2
-13.05
-11.69
-9.63
-9.48
-9.95
-3.73
-10.21
-6.82
-19.94
-13.84
-21.68
-7.76
-17.46
-7.38
-18.95
-10.97
-18.13
-6.59
-16.52
-8.67
-18.13
-10.66
-16.61
-10.73
-17.26
-17.86
-21.9
-18.82
-17.68
-20.25
-17.32
-23.74
-19.4
-25.57
-17.97
-26.91
-17.32
-27.47
-17.1
-27.74
-15.69
-19.27
-26.22
-17.7
-22.31
-11.29
-14.37
-14.1
-17.88
-19.29
-16.79
-12.47
-14.77
-12.36
-19.83
-18.22
-26.42
-16.81
-19.38
-3.2
-6.95
2.08
-9.43
1.3
-13.37
-3.31
-12.43
-4.65
-12.79
-3.71
-6.46
-0.72
-8.76
-5.16
-6.44
-9.61
-5.72
-7.09
-8.4
-2.03
-8.63
-6.39
-13.5
0.29
-8.94
1.77
-11.47
-2.32
0.16
-9.01
-5.43
-8
-4.18
-1.77
-0.07
2.44
-1.83
-0.29
-3.84
3.82
-0.34
7.89
2.86
14.53
4.83
20.56
11.2
18.02
8.69
18.51
9.5
20.27
13.37
18.93
10.13
15.96
14.28
13.08
12.34
12.36
11.24
11.27
19.62
13.05
17.5
8.36
12.38
-12.03
-10.66
-14.19
-12.38
-8.27
-15.09
-9.5
-16.52
-13.32
-18.98
-8.43
-15.6
-9.23
-21.68
-12.65
-21.88
-10.8
-16.9
-6.75
-17.52
-7.76
-14.06
-6.86
-9.23
-9.79
-8.52
-9.92
-8.72
-4.31
-9.86
-5.77
-10.42
-3.98
-5.19
4
-8.99
-3.22
-13.05
-0.74
-9.48
-6.55
-5.03
8.72
0.56
5.79
-2.3
-1.74
-6.46
-5.19
-1.92
4.18
7.71
6.01
2.59
10.17
0.36
10.28
3.91
-0.16
16.74
7.44
16.94
3.38
10.3
3.38
15.09
9.66
12.49
12.07
13.68
10.35
16.5
12.25
11.49
15.09
12.2
14.84
9.25
6.95
13.5
4.34
15.56
5.99
20.09
9.7
8.69
18.35
11.18
19.31
9.79
14.95
9.14
16.27
14.84
18.28
15.56
12.7
12.45
8
13.55
20.72
14.8
23.65
11.04
21.08
10.51
21.57
13.79
21.7
14.39
24.39
15.18
21.59
13.48
19.09
17.19
21.77
19.65
18.91
12.29
5.79
8.49
8
13.17
9.95
14.89
1.65
14.48
11.15
23.83
13.5
19.51
8.14
19.16
3.8
10.84
0.96
9.16
1.45
8.54
3.62
4.27
3.29
7.82
6.57
3.42
7.26
5.3
6.64
1.68
12.94
5.65
15.6
5.36
11.94
-0.6
11.82
3.06
11.62
-2.06
7.76
0.56
5.57
-3
-6.33
-4.11
-3.71
-9.19
-10.33
-9.77
-8.07
-7.33
2.32
-5.83
2.97
-3.96
4.2
-7.62
6.26
-0.31
8.74
-5.86
2.88
-4.63
9.01
4.76
16.03
12.27
20.18
16.81
21.82
16.03
12
16.54
14.6
9.5
12.85
9.95
18.13
8.11
19.47
7.29
15.83
6.73
18.62
5.36
12.14
0.49
10.33
0.31
8.94
5.19
9.05
0.98
2.59
1.16
1.12
3.87
4.11
2.59
5.52
-1.52
3.76
-7.73
2.35
-5.92
4.18
-8.16
3.62
-9.16
1.86
-6.15
3.11
-7.82
-11.89
-7.35
-9.05
-7.24
-17.79
-11.56
-10.15
-0.36
-8.76
-6.88
-5.1
-15.02
-3.31
-16.58
-6.93
-14.75
-3.8
-15.65
-0.92
-7.6
3.29
-6.46
-3.76
-9.5
-5.5
-6.64
-2.48
-8.18
-10.01
-5.9
-0.29
-5.54
-4.85
-18.71
-9.77
-14.33
-0.83
-6.39
4.81
-5.1
7.42
-5.03
3.35
-10.75
-3.96
-9.5
1.05
-3.15
-1.39
-3.38
1.05
1.94
0.07
-6.1
-3.15
-9.68
-3.26
-6.88
-1.9
-11.35
0.94
-11.27
0.36
-9.66
-4.05
-15.42
-6.08
-13.63
-3.91
-12.23
-4.36
-8.34
-3.62
-8.9
-6.17
-8.02
-11.47
-8.02
-8.47
-2.26
-3.87
5.07
-4.2
-0.56
-11.44
-2.77
-14.35
-2.06
-10.89
-1.61
-6.24
5.7
-3.51
5.34
-2.86
-1.9
-5.97
2.48
1.45
3.93
6.26
4.25
6.97
2.66
8.65
5.34
10.42
3.08
4.45
-9.14
1.7
-6.62
7.51
-2.12
-0.94
13.63
5.03
9.1
1.1
6.79
-2.75
3.6
0.98
1.3
5.34
4.96
4.65
-1.39
2.21
10.3
2.84
11.47
-0.36
9.32
1.5
8.27
-6.35
1.14
-6.44
1.48
5.5
-3.26
-0.38
-4.09
4.09
0.83
-0.74
-1.07
3.26
9.12
4.78
8.78
-0.94
6.28
-0.72
6.84
-3.15
0.02
-12.29
-0.58
-12.72
-2.93
-13.86
-4.49
-13.01
-5.03
-14.98
-13.46
-19.11
-15.87
-13.88
-13.03
-13.17
-11.11
-8.38
-2.01
-7.53
1.56
-8.43
0.04
-6.93
3.89
3.91
-5.54
7.35
-2.08
5.7
-9.16
-8.92
-16.16
-5.5
-5.36
-0.02
2.86
5.12
4.09
3.89
-5.25
-4.31
-12.58
-3.11
-15.74
-7.53
-17.17
-6.39
-13.93
-3.76
-14.73
-3.53
-6.26
-12.27
-6.66
-4.85
-7.24
-4.87
-11.44
-12.16
-10.82
-11.09
0.98
-0.22
6.35
-2.17
4.94
-4.56
3.51
-6.06
3.2
-4.36
4.49
-8.9
0.63
-10.08
2.19
-3.11
3.51
-4.47
1.59
-5.48
-4.49
-7.6
-12.25
-6.55
-1.74
7.17
4.78
8.85
1.83
6.84
-2.64
9.03
-4.52
1.21
-3.82
6.53
-0.85
13.61
2.84
9.01
-2.12
2.41
4.38
-6.06
-3.62
-5.92
-6.55
0.16
-2.53
-1.01
-7.55
1.79
5.7
0.47
9.61
-3.29
2.24
-12.85
-0.67
-4.54
5.41
1.65
13.59
-2.41
6.88
3.69
12.79
6.12
4.52
7.69
5.54
7.87
18.04
10.53
16.58
8.78
13.3
5.72
13.9
-0.54
5.92
-3.04
11.67
8.58
7.24
12.09
7.55
14.73
11.44
12.58
10.93
9.9
11.11
3.73
7.06
2.75
6.03
-3.76
7.91
4.36
10.82
-0.56
14.6
5.23
14.95
7.26
17.66
6.26
14.82
8.83
13.34
3.78
10.95
13.66
14.95
6.28
8.63
17.17
14.53
24.27
17.79
20.25
14.6
26.33
20.12
20.81
15.36
2.62
-2.12
9.05
3.24
11.29
4.16
6.41
-0.36
10.19
10.97
13.77
10.06
7.51
8.25
7.76
13.68
-0.22
4.65
-4.05
1.9
-8.2
1.16
-9.39
-8.72
3.69
-8.2
-0.6
-11.71
-0.83
-8.78
-5.43
-10.95
-5.12
-9.01
-1.07
0.22
-4.67
-4.78
-9.92
-3.15
-4.49
3.84
-1.01
9.54
1.39
11.11
2.03
9.95
-2.66
6.73
-7.35
2.24
-5.1
5.65
-0.58
7.38
0.4
2.84
-0.18
-1.54
-4.14
-4.72
-5.14
0.96
-6.03
-0.16
-11.18
-6.95
-10.46
-19.02
-8.14
1.39
-2.95
7.69
-3.29
0.49
-13.75
-13.01
-15.65
-9.16
-11.58
-7.24
-13.01
-20.16
-18.98
-23.04
-20.9
-26.55
-24.36
-26.11
-34.65
-21.26
-30.29
-20.92
-33.64
-19.16
-28.34
-20.7
-22.06
-14.44
-25.53
-18.44
-23.78
-26.69
-30.31
-28.83
-38
-34.13
-25.79
-11.58
-17.99
-17.34
-26.98
-11.98
-17.12
-7.22
-17.5
-10.08
-20.38
-9.68
-20.5
-12.07
-20.05
-16.29
-9.66
-5.05
-4.45
-0.67
-3
-6.75
-2.73
-3.58
-2.66
-10.1
-17.41
-11.11
-10.93
-23.38
-13.17
-20.63
-6.84
-13.57
-2.01
-11.06
-2.28
-13.46
-5.63
-11
-7.53
-11.6
-11.13
-13.5
-7.51
-9.77
-2.7
-12.18
-5.01
-9.28
-0.47
-9.68
5.52
-4.27
2.15
-7.33
4.47
-12.18
-3.26
-7.31
-0.72
-5.77
3.17
2.15
2.68
-3.4
-4
-2.44
-1.56
4.96
1.39
-4.36
4.74
-0.36
11.35
1.34
13.77
5.28
16.18
6.37
11.27
-0.38
11.11
4.49
13.25
10.57
11.02
10.75
5.52
2.88
4.45
12.67
12.41
22.46
17.12
30.64
22.13
32.68
19.8
24.65
10.33
9.21
14.82
5.52
12.79
8.92
12.09
13.41
8.25
12.34
16.88
15.27
10.86
17.86
12.29
21.37
14.64
20.88
12.18
24.3
14.01
8.87
19.58
10.53
19
12.16
20.21
14.08
18.82
15.76
15.98
10.59
12.72
14.04
7.76
10.66
5.57
13.55
7.53
15.36
4.98
12.07
-2.41
5.07
-4.94
10.35
1.3
9.81
-4.14
0.58
-5.61
1.12
-0.09
1.68
-1.68
-0.74
3.49
0.96
-0.87
-10.01
6.5
7.89
25.77
20.03
25.75
9.45
21.32
17.05
25.15
12.05
20.03
11.51
22.11
13.84
22.53
17.55
21.21
19.27
21.68
21.08
16.21
16.18
14.35
16.29
11.53
20
13.79
23.85
26.69
22.26
24.99
13.72
20
8.63
14.6
8.36
16.36
5.25
10.35
5.88
2.7
-1.36
-0.51
-0.4
11.51
7.91
8.54
-1.61
4.47
-5.63
5.05
-4.22
4.31
-5.19
-4.63
3.78
-2.64
4.96
-4.31
7.2
-0.67
-0.2
-3.62
-4.38
-9.9
-9.21
-16.23
-10.39
-12.54
-5.95
-10.73
0.31
-9.07
1.94
-8.56
4.65
-7.29
0.58
-8.27
2.32
-5.81
-0.63
-9.21
-5.52
-15.83
-10.57
-13.97
-16.9
-16.07
-9.48
-9.68
-2.84
-10.59
-8.09
-15.89
-6.01
-17.72
-8.36
-14.37
-4.07
-14.28
-3.67
-17.46
-5.32
-13.43
-3.84
-11.58
-5.99
-6.71
-0.13
-2.64
-1.54
-6.55
-9.54
-15.18
-11.82
-16.85
-9.32
-15.74
-6.21
-12.47
4.4
-1.83
5.28
-5.57
3.98
-5.54
-2.35
-12.67
-8.34
-17.84
-8.27
-9.25
-7.76
-10.97
-5.48
-3.13
-10.26
-11.89
-16.56
-15.15
-4.11
-12.56
-5.41
-17.12
-20.88
-10.95
-21.73
-8.78
-14.66
-5.52
-13.95
-5.21
-12.18
-5.57
-7.73
-3.51
-11.58
-13.57
-5.39
-1.99
-4.78
2.15
2.77
16.14
19.42
2.17
13.63
8.87
21.52
10.21
16.67
0.25
5.61
-1.99
5.92
0.31
-8.09
-1.79
-2.03
2.59
6.48
4.49
2.3
-1.18
6.35
-1.72
-2.01
-18.51
-1.36
-4.94
11.04
16.36
29.95
23.85
47.48
51.07
73.22
71.99
86.43
89.43
99.09
92.25
94.15
86.99
84.96
81.41
85.65
92.02
84.91
93.47
89.36
98.28
86.41
95.33
81.74
67.82
79.66
67.35
77.56
66.36
68.11
57.73
59.99
50.25
47.25
41.22
37.17
35.25
34.02
35.23
38
23.67
9.52
13.7
8.18
18.48
8.16
14.95
0.96
8.38
-1.45
10.19
1.65
6.35
-0.58
5.21
0.22
8.29
3.38
5.3
1.03
4.45
3.82
9.32
7.31
-1.68
7.67
4.14
12.36
2.66
14.26
1.3
14.33
4.38
7.89
1.43
-7.6
-4.58
-9.63
-3.62
0.67
10.26
6.41
-1.77
-9.01
-0.09
-7.51
-2.84
-7.91
-1.88
-9.79
0.94
-11.02
-2.59
-10.95
0.29
-8.78
2.79
-12.45
-8.9
-18.69
-13.25
-19.33
-12.72
-18.95
-10.42
-8.74
-5.05
-12.85
-17.64
-23.31
-9.32
-12.36
-4.69
-14.13
-11.56
-27.2
-14.15
-25.97
-17.64
-27.16
-14.37
-24.56
-16.74
-27.09
-20.09
-24.5
-21.97
-26.84
-24.74
-18.57
-17.01
-17.95
-25.77
-14.71
-16.92
-2.26
-3.42
12.72
3.96
21.12
20.88
36.03
31.11
48.97
44.14
56.64
55.97
58.47
50.81
55.59
44.77
38.58
32.99
25.75
6.33
1.16
-17.68
-31.78
-32.88
-48.21
-49.82
-68.26
-61.33
-76.22
-68.06
-79.04
-70.41
-77.81
-68.22
-75.68
-68.73
-80.33
-80.8
-84.62
-78.37
-75.79
-73.16
-71.1
-74.59
-69.87
-73.47
-65.22
-72.26
-61.85
-66.92
-55.28
-60.73
-52.82
-64.42
-50.96
-60.31
-49.64
-54.2
-44.61
-47.59
-40.37
-45.96
-37.53
-35.56
-32.03
-30.55
-34.65
-38.11
-30.17
-36.95
-32.52
-42.65
-33.84
-38.29
-25.1
-35.36
-23.58
-34.76
-27.02
-37.95
-26.38
-21.1
-26.13
-18.64
-23.4
-24.18
-19.45
-19.09
-16.12
-14.8
-21.93
-17.72
-23.92
-17.5
-27.76
-18.44
-27.72
-17.48
-25.39
-10.64
-19.85
-5.92
-17.37
-7.73
-12.54
-6.79
-13.99
-7.76
-20.27
-19.04
-18.42
-18.22
-20.72
-24.68
-19.29
-21.21
-23.58
-19.94
-30.93
-19.51
-27.16
-15.53
-18.53
-28.83
-12.7
-19.76
-8.07
-16.54
-9.59
-14.91
-9.43
-7.71
-3.82
-4.43
-0.63
1.68
1.97
4.45
-5.61
-1.99
-8.78
7.09
2.08
13.61
0.45
7.2
-4.16
5.95
-2.97
6.15
-4.05
-3.91
4.43
-2.68
7.47
2.19
1.32
-2.01
2.93
6.68
4.76
3.22
-1.41
2.77
-4.63
4.4
-4
0.4
-10.73
-3.82
-11.73
-0.42
-14.62
-0.56
-6.57
0.04
1.43
-7.8
-9.32
-4.31
-8.9
-9.07
-12.16
-3.62
-7.58
-1.34
-8.52
-3.31
-10.42
0.18
-9.03
-0.27
-9.37
1.94
-3.42
10.37
0.16
3.76
1.97
2.62
-0.2
1.99
0.85
-1.36
0.07
1.01
4.11
0.94
10.46
4.47
13.81
4.96
3.87
12.18
5.83
-0.29
9.81
14.66
8.63
11.65
16.88
17.34
13.95
16.56
10.89
11.15
8.96
15.42
10.57
20.61
7.38
13.1
3.42
12.79
2.03
11.4
0.65
11.42
2.44
11.58
4.31
14.39
5.81
11.04
5.88
8.87
8.83
11.6
11.11
2.59
1.81
-3.44
0.4
-5.9
2.24
-8.65
1.7
-5.72
9.59
1.52
9.66
-2.66
0.87
-11.15
0.74
-3.04
5.12
-3.51
-1.83
-7.44
-2.3
-0.54
-2.64
2.86
1.45
7.71
3.04
13.37
4.25
3.33
7.04
-1.14
10.73
3.04
12.65
-1.61
4.76
-1.36
11.15
4.87
-0.56
10.46
7.42
18.55
24.1
26.06
33.57
42.49
61.98
80.85
85.36
97.52
89.59
109.1
105.01
120.45
112.41
131.03
127.7
144.46
135.65
143.32
134.24
133.75
123.34
122.58
114.02
104.38
98.39
96.67
87.28
80.76
81.45
72.2
71.88
57.2
61.09
44.75
44.77
27.11
32.95
21.95
24.61
10.19
19.45
6.24
11.53
-0.42
-0.87
-10.93
-6.41
-3.6
-0.72
-4.98
-5.74
-3.87
-8.54
-3.84
-10.21
-2.5
-7.13
2.06
-13.88
-3.6
-16.34
-5.25
-16.41
-9.23
-19.2
-5.63
-15.98
-12.07
-11.18
-13.72
-8.02
-10.66
-8.09
-1.88
-5.59
-9.99
-18.53
-10.24
-10.57
1.97
-3.2
2.48
-9.59
0.11
-12.63
-27.2
-12.79
-15.71
-3.29
-8.92
-0.83
-1.34
-9.5
-9.61
-14.93
-15.33
-13.25
-14.48
-13.5
-11.51
1.83
-4
-11.22
-3.51
-9.7
2.48
-5.5
1.9
-12.94
-2.7
-10.15
1.61
-6.71
1.86
-2.21
-0.38
-8.38
-3.46
-5.43
-9.63
-6.97
-4.05
-0.56
-6.28
-3.2
-15.13
-11.11
-19.56
-10.68
-20.9
-21.26
-9.5
-18.75
-9.88
-19.69
-9.88
-23.74
-16.07
-20.83
-19.65
-20.63
-24.81
-22.26
-19.24
-15.38
-10.59
-19.09
-12.03
-14.6
-23.89
-10.21
-16.63
-5.28
-22.15
-11.91
-26.13
-16.79
-18.53
-11.78
-23.83
-10.68
-14.98
-11.38
-16.5
-20.65
-24.52
-21.97
-14.84
-18.48
-16.58
-18.98
-6.33
-12.45
-1.99
-12.41
-4.07
-15.18
-3.51
-14.15
-9.99
-19.74
-7.09
-18.35
-8.45
-15.6
-7.51
-9.45
-1.18
4.56
2.28
2.7
0.49
-0.8
-6.55
-1.65
-14.04
-7.17
-18.26
-5.9
-15.09
-6.37
-17.99
-10.8
-21.48
-12.74
-21.06
-17.5
-21.95
-17.48
-19.2
-12.36
-17.23
-16.34
-13.52
-23.65
-22.78
-29.03
-20.54
-25.64
-14.75
-24.94
-13.19
-22.51
-6.84
-18.57
-26.73
-23.58
-30.73
-10.44
-13.01
-2.68
-7.02
-7.49
-12.49
-8.63
-7.44
-8.4
-4.94
-6.01
-3.42
-9.92
-3.22
-12.09
-2.62
-8.65
-0.76
-9.45
-0.29
15.11
6.64
12.05
2.75
1.01
9.7
9.45
8.07
11.6
11.02
12.25
3.04
4.02
-0.04
6.3
1.16
7.8
-9.32
-4.22
-4.56
9.34
4.52
14.86
-0.56
9.01
-0.49
7.29
-0.34
1.56
-1.25
2.95
1.65
1.74
-6.64
-8.74
-5.61
5.1
2.86
7.04
-5.1
1.79
-3.71
7.31
-4.6
6.77
-2.86
10.46
-1.94
0.34
-3.89
-3.49
-5.52
4.11
6.12
10.51
12.63
11.11
15.09
17.88
27.74
17.46
21.64
7.31
13.52
7.98
15.78
8.54
19.24
3.73
12.41
23.96
18.13
24.81
17.68
19.89
18.4
32.28
36.08
45.24
59.7
62.23
66.85
56.46
60.17
50.43
54.4
42.98
45.06
26.17
23.11
2.5
-8.02
1.56
-13.61
-13.21
-23.51
-23.78
-20.32
-7.82
-7.69
-12.43
-9.54
-0.51
-6.66
3.24
2.32
8.69
1.92
10.89
-0.98
10.62
4.98
20.52
7.22
7.69
-3.22
13.1
6.44
11.02
-0.38
-1.23
-9.43
-4.09
-0.34
-12.43
-17.84
-15.22
-9.61
-3.55
7.2
-4.36
5.1
0.83
10.84
-1.94
1.5
-16
-8.76
-21.95
-8.25
-6.1
-16.07
-3.76
-13.41
-10.26
-15.04
-12.05
-11.91
-10.21
-17.39
-18.48
-23.47
-16.34
-16.67
-11.49
-23.22
-11.11
-19.49
-14.48
-21.57
-7.96
-19.58
-9.88
-19
-12.79
-20.72
-14.35
-23
-25.7
-28.14
-36.21
-39.23
-33.39
-32.79
-20.21
-23.11
-18.02
-23.67
-7.76
-10.21
0.4
-12.32
4.54
1.21
20.85
17.3
29.44
24.7
36.97
34.11
46.38
52.1
50.92
53.55
61.82
66.79
64.78
63.99
54.29
56.59
46.29
46.69
23.36
22.87
6.66
10.84
-7.13
-31.65
-29.1
-46.85
-47.05
-56.77
-49
-54.81
-46.27
-55.59
-61.33
-55.52
-46.11
-33.17
-35.9
-35.52
-38.62
-31.43
-37.06
-30.73
-44.46
-30.91
-33.44
-13.25
-23.36
-20.14
-33.77
-25.17
-37.06
-37.95
-50.18
-46.42
-57.87
-50.76
-51.39
-50.02
-48.35
-53.62
-53.91
-57.22
-46.85
-43.07
-33.13
-47.63
-44.68
-56.89
-49.22
-59.32
-52.77
-66
-52.35
-49.69
-26.26
-34.98
-33.73
-34.87
-29.64
-32.05
-14.86
-28.41
-48.21
-36.81
-18.35
-16
-7.73
-23.65
-29.84
-33.66
-24.59
-44.44
-37.24
-30.6
-7.09
0.83
11.11
-12.81
-14.77
-21.77
-19.6
-24.14
-18.4
-26.44
-11.87
-12.43
-18.26
-16.41
-15.02
-10.57
-12.67
-1.61
-19.74
-19.94
-25.44
-21.08
-38.27
-32.7
-41.24
-24.25
-35.92
-8.05
-16.99
-20.59
-25.08
-18.64
-32.86
-40.97
-42.18
-39.65
-34.38
-31.61
-37.01
-35.18
-44.23
-55.12
-61.87
-41.64
-42.02
-28.48
-41.53
-39.63
-53.11
-34
-23.25
-15.38
-35.07
-22.37
-33.84
-30.22
-36.37
-25.7
-19.38
-15.65
-9.21
-18.71
-17.41
-21.66
-17.9
-23.4
-6.28
-19.09
-14.15
-21.21
1.61
-3.02
12.85
1.92
7.8
-1.68
10.17
6.1
17.61
13.23
22.42
16.27
16.29
8.25
8.2
13.66
13.21
19.74
5.39
2.19
-1.72
15.56
31.58
20.32
28.77
19.2
35
34.89
25.1
42.33
37.82
46.6
41.08
43.34
28.97
40.79
59.23
58.03
49.37
41.89
32.88
37.33
29.97
47.77
54.38
44.37
46.22
28.25
42.24
35.14
50.13
40.1
46.85
37.55
39.83
28.81
33.42
30.26
33.51
34.76
34.76
34.49
41.53
28.21
28.61
19.22
32.34
29.17
48.7
34.51
36.95
21.01
28.63
11.91
24.14
17.57
26.82
25.79
32.77
14.95
16.18
10.64
17.5
18.91
18.86
10.37
7.33
24.68
25.7
36.9
21.14
4.63
16.79
4.38
9.57
1.03
10.77
-8.83
3.96
6.62
6.59
-4.43
2.88
0.63
-1.5
-0.18
0
0.65
2.77
3.02
-6.48
-1.48
-6.84
-1.83
-15.33
0.92
-3.71
5.07
-7.62
-2.86
-13.17
7.93
5.41
14.98
-0.09
-0.07
-10.46
-6.82
-7.53
-5.63
-8.49
-3.15
-2.1
5.63
1.54
5.1
-13.79
2.44
-1.99
1.74
-6.48
4
-6.97
3.55
-4.07
-14.1
-7.22
-11.91
-0.98
-4.14
3.2
-4.69
-6.57
-17.21
-24.14
-25.46
-30.17
-16.99
-19.16
-4.81
-6.62
-4.6
8.29
-5.63
-2.75
-16.96
-3.31
-7.85
8.18
5.43
15.87
11.13
21.93
15.18
19.71
19.18
21.68
19.22
13.34
15.45
12.72
25.66
13.1
18.08
10.15
20.99
15.11
22.53
11.42
27.4
18.53
27.56
21.08
19.07
36.39
31.49
30.62
16.67
12.87
10.89
18.66
19.27
18.44
23.31
13.84
14.66
10.51
12.99
1.41
17.9
3.6
18.51
14.6
21.88
6.57
15.22
-4.52
5.3
0.13
9.75
4.78
14.26
6.59
7.4
7.2
6.82
1.56
0.98
3.44
-2.53
4.31
1.34
10.82
-6.57
2.59
-0.8
16.54
9.66
26.93
13.81
22.82
15.65
25.1
12.76
13.99
0.04
8.11
9.12
9.68
7.24
4.74
-4.07
-7.44
-6.46
-14.24
-15.4
-31.45
-27.74
-42.11
-30.35
-39.43
-29.19
-42.56
-36.55
-50.27
-47.63
-60.26
-50.18
-60.75
-54.74
-57.49
-48.06
-48.97
-42.18
-35.52
-27.58
-20.52
-15.18
-1.5
3.22
22.55
28.05
46.83
44.48
63.46
69.31
98.3
96.16
117.61
121.75
143.74
149.38
167.39
164.78
173.61
162.81
164.71
159.9
155.97
151.39
140.66
107.2
94.93
79.55
77.85
55.72
56.19
42.76
49.2
37.55
44.39
35.83
19.29
28.05
9.16
8.85
-2.35
-1.92
-12.65
-8.81
-2.59
5.99
14.13
20.43
28.65
49.08
57.82
75.15
71.06
82.1
68.24
91.51
91.35
97.32
83.73
90.28
72.13
74.74
66.99
74.1
63.77
67.52
67.08
65.47
56.84
58.72
54.69
47.81
52.93
55.97
57.67
51.57
53.89
43.92
53.15
49.98
54.02
43.94
54.36
38.33
49.93
38.53
44.3
46.6
42.6
36.57
39.81
22.8
23.96
18.98
24.48
26.17
32.05
19.33
29.26
24.65
36.59
20.3
27.05
9.34
16.99
9.28
18.69
7.71
14.26
7.47
14.39
4.22
8.87
-0.45
-0.49
1.03
1.86
-0.31
-16.61
-8.9
-17.03
-7.91
-11.11
-6.15
-22.8
-18.55
-26.06
-47.86
-43.76
-54.61
-45.51
-59.9
-54.29
-64.4
-62.34
-65.94
-63.79
-71.1
-74.39
-76.93
-83.3
-90.21
-96.94
-90.39
-83.37
-92.85
-91.8
-85.52
-96.02
-91.33
-101.07
-85.92
-95.44
-88.31
-97.05
-89.54
-94.06
-91.08
-101.97
-94.21
-93.52
-92.78
-95.08
-92.07
-90.84
-79.39
-84.87
-76.58
-75.75
-81.41
-69.4
-77.83
-67.9
-78.23
-77.81
-67.73
-72.98
-60.04
-67.46
-56.21
-59.03
-56.08
-56.89
-63.46
-66.07
-66.92
-59.05
-61.09
-58.03
-65.16
-61.6
-69.09
-57.65
-65.71
-51.99
-58.76
-39.27
-48.5
-42.62
-34.29
-41.51
-38.8
-47.48
-44.19
-42.49
-36.77
-37.44
-35.03
-28.45
-28.39
-32.43
-31.09
-47.77
-34.76
-42.16
-30.35
-42.22
-28.34
-38.04
-29.93
-35.49
-23.67
-31.34
-23.09
-25.73
-15.98
-20.94
-20.59
-22.4
-16.27
-16.27
-5.92
-8.11
-4.47
-7.82
-1.34
-12.18
-14.39
0.11
-5.21
6.17
-5.43
3
-8.45
3.82
0.25
4.43
-2.68
1.39
-0.51
4.09
1.97
0.2
3.55
1.03
4.31
-4.96
-4.11
-11.11
1.61
0.13
-8.29
3.02
-8.14
1.88
-9.16
1.07
0.67
10.17
11.33
0.49
9.75
5.7
7.69
8.99
11.35
7.24
-2.66
0.16
-3.17
4.11
1.68
8.4
-5.68
1.39
-3.17
10.89
-0.74
6.28
7.67
5.34
13.63
2.66
4.18
-2.95
-1.05
-2.06
-0.27
5.1
7.09
3.35
0.65
-5.86
1.01
10.84
-2.57
8.27
-2.35
12.03
11.04
24.16
12.45
20.05
9.07
16.25
10.35
10.51
15.69
6.39
6.68
8.02
11.13
7.87
11.06
-1.59
4.85
-7.22
1.12
-2.06
11.49
9.12
15.2
-0.85
10.42
3.02
13.72
6.21
11.06
-1.86
7.13
5.32
9.97
10.17
13.19
11.98
7.15
0.96
4.25
15.69
6.46
13.03
5.99
16.88
6.97
13.81
-0.2
8.45
5.86
20.03
10.97
23.47
17.61
22.82
19.16
18.13
12.05
10.75
8.34
9.79
11.24
6.97
12.34
11.96
18.13
7.06
21.1
6.33
13.14
5.83
18.64
11.27
24.77
16
20.23
7.22
14.35
7.31
10.75
8.14
12.58
7.78
10.97
7.98
5.01
10.44
6.62
15.42
11.67
19.71
8.38
16.09
8.72
16.27
2.06
14.04
1.39
9.07
3.13
10.84
15.85
10.35
10.77
15.69
13.88
11.8
9.41
8.56
16.79
12.56
12.11
0.6
8.56
9.23
4.74
16.03
2.64
13.61
4.56
12.72
0.31
14.37
11.13
14.19
10.19
11.6
4.05
6.5
2.62
7.53
12.99
21.48
17.34
22.17
14.13
25.59
16.81
18.98
10.84
21.03
8.47
21.97
11.76
16.45
12.29
27.94
21.26
31.11
23.42
25.15
19.51
17.9
16.58
16.27
18.04
18.51
23.36
18.95
22.84
15.38
21.1
10.08
15.15
3.08
14.89
6.55
20.16
10.86
16.88
3.8
8.14
1.65
14.71
8.31
14.44
9.23
4.98
4.34
6.59
6.64
4.6
4.25
-0.65
6.33
0.31
14.28
6.44
8.49
-8.56
0.2
-13.9
-2.19
-9.01
-1.88
-16.34
-10.57
-20.85
-16.92
-17.59
-9.12
-8.69
-18.06
-25.17
-22.75
-24.9
-19.65
-22.69
-17.14
-21.68
-14.35
-27.56
-21.75
-29.55
-13.12
-16.43
0.94
-7.2
8.18
2.88
21.79
24.97
36.59
43.54
60.17
66.68
82.41
94.57
95.46
99.69
98.24
99.49
92.45
97.14
86.46
93.32
81.29
88.49
74.1
84.91
70.97
83.33
70.23
72.69
58.72
55.75
38.87
43.21
36.93
25.95
22.87
18.93
13.59
3.76
2.91
3.64
-2.32
-9.59
-3.24
-14.8
-19.8
-10.08
-18.42
-11.98
-25.08
-16.7
-25.53
-16.58
-20.9
-17.97
-25.28
-24.65
-28.52
-30.71
-40.28
-33.04
-36.81
-27.96
-32.54
-25.17
-37.48
-28.03
-34.85
-25.55
-38.56
-31
-39.16
-25.77
-32.01
-26.26
-39.47
-37.37
-41.13
-30.15
-34.29
-35.41
-38.8
-40.75
-35.11
-36.9
-36.39
-46.58
-38.85
-44.95
-35.85
-42.67
-33.44
-43.36
-34.53
-46.42
-48.06
-31.67
-38.96
-27.67
-38.15
-33.06
-27.65
-33.06
-36.43
-43.16
-45.28
-32.25
-29.28
-24.63
-32.59
-28.95
-40.72
-27
-32.34
-24.1
-33.53
-17.95
-14.35
-21.59
-9.92
-23.45
-17.19
-24.88
-23.13
-16.07
-7.93
-7.85
-4.43
-7.13
-7.91
-4.14
-9.52
-11.69
-22.75
-7.71
-12.72
-4.52
-14.13
-6.26
-10.82
7.87
1.74
12.25
-2.88
4.81
-1.52
-5.36
0.16
-5.39
-2.5
-9.32
-5.16
-1.32
-2.86
0.42
-9.14
-1.1
-15.2
-12.74
-21.37
-5.03
-10.26
-2.55
5.16
-8.4
2.97
-6.57
-6.37
-9.34
-4.11
-9.25
-1.68
-2.12
-2.39
-1.01
-1.36
3.2
5.97
1.03
8.96
2.46
1.65
12.38
5.5
17.39
4.07
15.85
14.1
3.51
4.94
-0.07
2.24
-1.68
5.21
7.76
10.66
17.61
14.66
17.41
16.27
9.54
10.64
-3.08
8.81
-0.34
12.7
4.43
-5.5
5.23
-0.25
7.67
-5.72
1.48
-0.72
9.97
5.92
6.77
3.82
3.89
9.79
7.8
13.3
3.93
7.6
-0.4
4.92
-5.16
-8.65
1.81
-12.61
-1.92
-11.35
-3.35
-10.82
-5.03
-13.46
-4.74
-15.51
-14.6
-17.41
-16.45
-17.68
-14.57
-9.61
-9.25
-0.22
-5.41
-4.54
-15.67
-6.21
-15.6
-13.32
-2.73
-11.33
4.67
-6.93
-5.88
-15.22
-5.77
-11.94
-1.9
-5.36
1.65
-6.21
-5.03
-3.93
-6.15
6.01
5.21
12.34
0.63
3.02
-1.14
-9.59
-1.1
-11.8
2.01
-2.21
7.98
-4.31
5.68
-4.96
0.72
-3.91
-6.75
-13.03
-7.17
-4.72
-4.07
-5.21
-10.17
-4.54
-9.34
3.84
-0.2
0.51
-4.87
-2.95
5.92
-4.31
4.78
-4.74
1.03
-7.64
0.38
-1.7
4.81
-0.04
-0.92
-0.92
-6.19
-6.73
-9.99
-1.39
-11.06
-11.2
-3.17
-16.45
-10.1
-18.78
-8.16
-11.91
6.91
0.69
7.96
-3.02
5.43
-6.41
4.72
4.07
9.48
10.57
8.83
6.95
3.04
6.19
5.34
7.69
-1.41
5.05
-5.21
0.76
11.31
1.79
10.73
2.7
14.77
5.72
14.46
-0.04
5.12
0.76
4.92
0.67
2.7
-1.9
-3.87
-11.69
-15.22
-23.02
-21.1
-33.75
-30.78
-45.78
-42.38
-52.53
-39.05
-50.83
-62.79
-56.3
-67.19
-57.56
-65.8
-58.52
-64.48
-56.35
-54.4
-51.41
-52.15
-48.41
-48.91
-50.45
-43.14
-46.36
-40.08
-43.12
-52.1
-43.32
-38.65
-49.26
-49.84
-38.8
-46.45
-33.04
-39.45
-32.5
-38.49
-30.93
-33.64
-29.37
-30.35
-28.97
-32.77
-27.11
-20.63
-24.16
-18.17
-27.63
-29.79
-25.37
-11.2
-18.35
-4.83
-11.04
0.2
-4.6
2.28
6.71
5.07
10.17
9.88
11.15
10.95
7.22
12.16
8.27
12.43
9.37
20.09
8.78
18.71
11
19.62
9.03
16.79
5.61
20.63
13.01
19.71
14.66
20.83
13.41
21.37
17.93
18.6
19.07
19.13
25.77
26.69
31.4
27.38
34.96
24.18
31.4
23.69
32.52
21.82
17.88
25.77
17.28
26.06
15.71
24.01
16.09
20.72
14.06
17.08
11.24
8.67
7.53
5.43
5.95
2.55
7.91
1.94
6.26
-0.89
8.83
2.64
12.11
3.13
12.72
-1.72
5.99
7.02
-0.85
12.25
4.25
10.73
6.15
12.94
9.81
13.21
12.85
9.95
12.74
13.63
20.12
15.15
22.51
12.74
20.52
12.96
21.23
8.34
18.06
6.64
17.48
9.79
18.6
6.12
13.95
6.71
12.05
7.24
11.69
8.25
13.05
15.22
13.32
13.86
6.01
9.75
3.46
10.89
5.23
13.28
2.3
4.65
10.62
1.7
13.97
4.27
15.33
5.19
11.8
4.38
12.07
7.29
2.32
1.56
-0.98
0.11
7.06
3.91
12.94
8.65
12.9
5.54
15
17.68
6.03
17.43
16.72
6.86
13.52
3.29
12.43
6.19
12.03
4.94
6.12
-2.06
3.11
8.07
13.17
4.14
5.9
-3.46
6.86
1.97
9.14
-2.26
6.95
-5.25
5.16
-7.22
4.11
-8.07
1.12
0.18
-3.17
1.14
1.25
0.54
1.39
1.5
5.79
1.97
2.68
9.57
11.96
3.13
13.88
5.88
19.54
11.18
21.82
14.93
17.88
20.47
13.46
18.37
13.41
16.9
16.81
14.15
15
22.24
14.42
16.56
6.41
15.91
9.32
23.6
14.39
10.97
19.71
6.35
14.8
4.81
16.18
9.88
19.54
13.39
15.8
12.34
17.57
12.29
9.14
11.56
8.38
11.4
6.5
8.63
1.83
7.17
-0.4
9.79
-0.27
13.52
20.94
16.63
5.77
12.92
6.06
11.35
6.03
11.67
5.34
6.86
6.01
7.24
8.45
4.34
8.11
3.38
11.65
6.39
15
2.3
13.34
6.28
3.69
11.89
-0.07
12.99
6.35
9.21
2.24
9.79
3.46
8.83
1.1
0.04
0.85
-2.1
-2.17
-4.18
4.43
1.72
11.35
7.64
-5.61
3.33
-9.14
-13.97
-0.51
-6.21
3.96
-9.1
-1.92
-9.01
-5.32
-12.65
-10.39
-12.67
-11.58
-7.49
-7.2
-4.34
-11.13
-8.85
-6.93
-7.98
4.98
3.6
25.26
25.19
50.2
52.88
74.39
75.93
92.02
87.33
97.74
89.72
97.21
100.31
104.54
99.42
101.72
94.95
86.59
82.86
70.05
65.58
49.6
49.87
34.09
36.63
19.83
20.25
0.94
3.69
-13.41
-3.82
-12.43
-2.21
-14.73
-11.76
-23.49
-20.05
-25.08
-18.69
-22.17
-19.74
-18.51
-18.15
-17.39
-23.09
-21.82
-20.76
-30.33
-23.38
-34.65
-23.38
-31.11
-18.73
-27.69
-18.26
-26.02
-18.53
-27.31
-20.18
-27.38
-17.84
-16.03
-19.24
-20.81
-21.32
-22.98
-20.7
-24.36
-19.27
-22.02
-30.02
-21.5
-30.09
-18.13
-27.85
-16.05
-23.02
-8.65
-16.03
-11.35
-21.86
-12.99
-18.04
-9.05
-7.31
-1.7
-5.74
-4.25
-9.81
-8.87
-13.46
-18.15
-11.15
-17.81
-10.46
-19.54
-16.65
-6.26
-15.47
-8.56
-22.11
-11.96
-17.34
-6.55
-8.05
1.94
0.65
2.68
1.74
1.32
2.41
-2.32
-2.7
0.69
-5.25
4.81
-3.08
6.75
-4.14
7.78
0.02
10.44
-2.35
7.44
-2.24
6.08
2.53
9.32
1.41
6.12
6.75
12.81
9.79
8.4
8.27
5.41
9.43
6.44
13.3
6.62
17.19
4.72
13.21
4.63
14.62
4.94
12.7
1.34
7.89
1.54
10.44
5.32
7.62
-1.54
0.34
-0.74
1.14
2.3
2.21
9.92
4.14
11.89
4.78
-3.78
5.88
-2.26
8.99
-3.67
4.52
-5.5
4.67
-3.78
3.22
-4.85
-0.04
-8.18
-2.88
-2.37
-1.48
-3.55
-4.96
-8.4
-13.08
-7.53
-13.34
-10.01
-3.2
-9.7
0.87
-7.62
2.73
-5.3
4.94
-7.44
4.43
-4.07
-1.01
-5.99
2.97
-4.14
-2.66
-6.68
-1.36
-0.67
2.5
6.75
-4.9
-0.87
-5.99
4.56
-5.41
1.9
-1.77
13.1
5.9
12
3.17
12.36
3.4
10.59
2.46
7.71
2.35
5.92
2.3
3.96
-1.79
-0.4
-4.94
-5.43
-0.85
-8.74
1.39
-8.67
2.48
-8.72
0.56
-7.64
2.55
-9.23
-2.17
-13.75
-7.96
-15.2
-9.52
-12.36
-5.1
-3.29
-3.6
-4.85
-10.1
-9.21
-11.91
-7.22
-17.64
-9.61
-16.16
-3.42
-12.72
-6.3
-19.45
-12.36
-21.37
-15.91
-9.25
-18.57
-7.4
-16.9
-6.71
-7.44
-6.37
-7.64
-5.74
-7.2
-6.17
-8.94
-2.5
-7.53
1.43
-4.52
6.12
-2.12
6.88
-5.81
6.08
-5.5
1.32
-8.9
0
-4.63
-0.07
-9.19
-4.09
-3.31
-2.46
0.47
-4.36
-7.69
-1.32
-10.89
-4
-10.48
-0.11
-1.12
-13.5
-4
-12.99
-11.89
-7.24
-17.95
-9.5
-15.07
-10.95
-14.62
-12.34
-14.6
-11.98
-9.72
-11.78
-5.81
-9.77
-2.77
-9.7
-16.92
-7.09
-15.18
-1.86
-11.51
-3
-13.52
-3.58
-12.76
-1.88
-8.67
0.18
-7.22
-7.33
-5.77
-4.83
-1.16
-5.72
-4.09
-7.22
-3.26
-11.13
-4.96
-15.22
-1.5
10.77
1.99
11.51
-2.84
5.41
0.11
6.91
-5.39
1.97
-5.88
-2.66
-2.55
-0.65
0.18
-1.1
-4.2
-10.97
-7.8
-14.6
-16.9
-9.79
-17.12
-5.81
-15.83
-1.9
-13.01
-3.49
-12.58
-1.48
-5.32
-11.71
-9.83
-4.11
-6.19
-6.15
-5.81
-3.46
-7.29
-3.29
-8.05
-2.28
-9.37
0.78
-8.18
0.11
-12.47
-3.02
-14.26
-2.73
-11.18
0.74
-8.67
-4.18
-10.93
-6.64
-11.31
-4.07
-3.96
-2.59
-8.09
-5.52
-8.49
-1.83
-10.21
-1.63
-5.86
1.9
-6.24
3.93
-7.4
3.31
-3.22
7.15
-1.34
5.5
-3.96
8.09
-1.1
5.61
7.35
3.17
2.62
-1.1
-2.08
-2.39
-6.73
-0.8
-8.09
1.36
-6.28
-6.06
7.44
-0.38
11.91
2.41
9.97
-1.77
5.65
2.06
-7.24
-0.04
-5.19
-2.17
-4.49
-1.3
2.06
0.47
3.17
-2.06
0.16
-7.93
0.07
-6.37
2.06
-7.11
4.65
-6.39
1.07
-10.84
-10.97
-3.15
-7.96
-0.29
-5.23
-2.03
-2.17
-0.38
-6.01
-6.15
-9.59
-6.26
-8.85
-13.03
-7
-15.36
-5.95
-15.02
-5.74
-9.25
2.15
-7.51
3.4
-7.82
1.7
-5.88
6.03
-1.5
4.2
1.77
4.65
1.97
-1.07
-2.82
-5.45
-4.56
-12.29
-8.87
-13.21
-1.77
-5.63
5.65
-9.45
-0.18
-9.99
-5.81
-14.22
3.73
-8.69
1.5
-10.21
-17.01
-9.57
-14.06
-8.67
-14.73
-14.06
-7.71
-11.29
-5.9
-12.07
-4.18
-10.91
-4.29
-10.21
-5.83
-17.55
-7.24
-17.99
-19.85
-11.38
-20.97
-7.76
-13.21
-10.17
-19.58
-13.88
-16.65
-11.04
-11.69
-10.44
-12.11
-16.63
-11.31
-19.38
-14.6
-19.6
-8.61
-17.68
-6.55
-2.06
-11.89
-1.59
-11.33
-1.25
-10.97
-9.5
-4.54
-7.98
0.56
0.49
5.07
4.72
3.26
0.78
-4.22
-0.11
-6.68
0.45
-5.39
3.87
-5.1
1.36
-4.54
6.19
-5.52
5.57
-5.86
4.34
-5.72
0.27
-10.97
-8.94
-15.09
-9.01
-10.04
-7.4
-9.37
-9.9
-8.43
-12.65
-4.07
-8.02
-4.09
-14.19
-7.22
-12.72
-1.12
-7.67
1.68
-11.87
-1.3
-7.04
2.57
-9.77
-0.13
-5.9
1.48
-1.9
3.2
1.56
2.06
3.55
3.55
3.38
-0.96
2.84
-0.92
7.26
1.23
11.22
3.33
13.1
3.55
18.78
7.26
13.25
4.56
15.62
6.33
16.52
11.31
16.63
14.33
20.65
18.26
21.88
24.14
24.81
27.49
24.12
29.59
25.24
34.89
23.74
32.32
33.3
25.3
34.06
22.62
20.83
30.76
26.38
35.99
26.71
34.89
26.08
24.05
23.87
17.03
14.82
20.65
17.5
20.07
10.3
14.19
5.61
18.17
10.93
23.51
8.83
14.31
7.24
18.28
15.47
28.01
17.05
20.21
9.1
10.93
4.6
10.1
7.67
17.08
17.28
15.85
10.55
18.91
12.7
22.13
13.48
10.62
16.72
6.5
14.95
4
10.13
0.02
11.04
-1.21
7.89
5.32
4.14
-5.68
-2.08
-5.3
-6.08
-5.32
-6.33
-5.28
-12.63
-8.23
-17.03
-9.66
-21.44
-11.13
-20.59
-12.11
-23.89
-14.95
-26.24
-17.08
-26.35
-13.9
-21.84
-10.86
-11.89
-5.01
-10.06
-9.14
-13.75
-13.23
-9.9
-9.16
-5.59
-14.35
-11.8
-16.99
-3.35
-6.62
9.5
-4.98
-1.1
-12.9
-1.39
-8.36
4.25
-4.98
3.17
-5.83
0.85
-6.93
-3.44
-6.21
-7.33
-7.96
-6.53
-3.93
-5.95
1.92
-2.24
3.4
-2.3
3.98
-7.93
-2.79
-15.98
-6.26
-13.63
0.09
-6.97
-12.38
-7.91
-3.26
-5.72
-1.41
-6.75
-0.83
3.82
4.58
8.63
0.11
2.46
1.41
0.74
-9.03
1.16
-9.72
-2.66
-9.19
-8.54
-9.25
-0.78
-8.61
-3.71
1.03
-1.59
0.65
0.31
-0.69
4.36
4.67
9.57
0.74
7.78
1.81
9.77
10.48
-0.45
10.35
4.11
19.16
10.24
14.53
1.39
7.93
-1.34
4.96
-2.03
-4.09
-7.4
-5.14
-5.21
-1.25
0.63
-7.55
-2.08
0.45
-12.99
-7.76
-16.63
-5.01
-18.24
-12.43
-20.41
-11.13
-21.44
-10.8
-20.45
-10.8
-16.76
-12.65
-12.09
-6.48
-7.02
-7.02
-3.31
-12.56
-7.22
-9.88
-2.59
-10.01
2.97
-5.99
3.98
-7.11
-3.33
-1.45
2.66
-4.34
3.06
-2.01
7.4
6.12
10.84
9.48
8.02
4.54
-0.2
6.1
3.35
12.72
4.76
9.68
2.26
9.99
0.29
-2.3
4.14
-8.02
3.87
-2.28
3.93
-4.56
4.27
-1.48
7.26
3.31
4.76
3.46
11.02
8.9
9.95
4.76
9.16
2.08
8.16
-4.4
5.16
-3.49
10.64
0.22
7.06
-7.44
-4.81
-19.49
-9.92
-14.57
-6.59
-13.68
-5.39
-6.91
-1.59
-1.92
-3.11
-7.67
-6.86
-12
-6.15
-0.34
-7.58
-0.22
-12.09
-4.07
-17.95
-8.43
-18.06
-5.99
-6.95
8.18
-2.03
4.09
-8.54
-4.02
-6.53
1.32
3.26
6.01
7.78
3.42
7.02
0.67
8.45
2.06
9.95
4.92
14.39
5.41
13.23
-3.62
7.04
0.58
14.66
5.7
11.69
-0.11
6.97
3.22
4.85
-1.01
1.01
-0.51
3.64
3.24
9.86
-1.01
6.84
-1.23
11.06
-0.04
8.18
-1.97
11.13
2.86
15.53
5.5
11.89
6.06
12.45
9.9
11.04
6.55
9.86
9.34
11.38
15.91
9.66
11.15
7.78
15.33
9.34
14.62
2.59
9.59
0.02
11.96
3.6
-0.65
15.91
11.27
16.61
8.45
6.08
-0.36
5.12
2.26
6.19
1.92
-1.97
6.95
7.31
15.09
9.19
14.31
4.45
10.21
0.11
11.62
1.9
12.49
13.28
2.77
2.77
8.52
3.31
9.57
4.14
10.62
6.37
3.35
10.66
12.29
14.55
14.17
16.5
8.74
18.15
11.85
22.26
11.04
20
10.42
17.93
6.84
20.36
5.03
12.43
2.95
8.47
2.21
10.26
6.41
5.54
1.74
9.23
10.97
7.8
12.76
7.8
14.04
8.4
17.9
7.4
12.81
6.39
23.96
12.2
25.21
14.89
21.44
14.1
24.07
14.33
21.32
11.27
15.87
12.58
14.22
11.35
14.1
14.22
13.17
13.5
8.11
10.1
5.12
16.12
5.68
15.96
7.38
18.4
7.38
12.54
-1.72
6.86
-0.22
13.5
8.23
11.51
4.83
7.98
-2.1
1.68
3.44
2.77
8.38
10.42
11.06
5.14
13.59
7.49
14.31
4.49
11.35
-1.39
-1.05
3.44
15.87
5.16
-2.79
2.48
-4.22
2.57
-1.59
-2.93
-6.79
-6.91
-1.63
-5.05
6.95
1.1
5.25
0.29
7.31
-1.52
10.53
2.97
13.52
1.03
11.38
-0.13
8.56
0.69
11.04
1.7
5.61
-3.64
2.5
-2.08
-0.51
-3.62
-2.97
-3.11
2.82
-3.15
-1.77
-9.5
-4.38
-17.01
-10.01
-20.92
-8.02
-16.45
-6.71
-19.22
-10.1
-17.46
-6.03
-10.75
-4.76
-4.2
-4.72
-3.2
-6.33
-10.08
-8.63
-8.11
0.02
-5.68
-1.88
-13.77
-4.16
-11.2
1.68
-4.63
10.35
0.87
5.9
-2.88
7.67
-6.62
1.43
-2.57
3.35
1.65
8.83
4.6
-0.4
-1.72
-3.29
-3.44
-5.79
2.15
-2.75
3.69
2.28
-8.96
0.47
-8.56
1.34
2.5
-4.54
5.7
-3.55
6.33
-0.09
3.42
-1.9
-1.27
-5.43
-5.57
-4.92
-4.07
-1.25
-3.24
2.39
-5.32
2.28
-6.91
3.8
-4.11
8.43
-3.55
-5.97
7.42
-0.92
11.82
7.85
14.35
7.6
14.84
7.91
6.08
1.1
1.99
4.31
1.18
-7.02
-1.65
-6.44
1.43
-9.05
-4.81
-16.52
-5.32
-9.97
4.02
-8.31
1.01
-8.87
-1.32
-8.43
3.38
0.29
6.5
2.75
7.29
8.67
-0.56
-2.68
-4.18
4.56
4.81
12.83
23.63
15.33
22.53
6.73
11
0.11
11
0.22
8.11
2.37
11.69
12.07
21.68
16.12
14.01
14.6
15.38
12.43
17.41
13.46
23.29
15.87
26.91
17.68
27.29
17.01
28.77
20.9
30.67
23.38
32.75
29.82
40.39
37.04
36.28
30.89
29.06
23.69
23.94
16.67
21.95
15.36
24.1
7.29
13.9
4.47
16.45
11.78
23.98
15.71
23.22
11.56
16.36
13.88
20.52
16.38
17.97
17.37
16.36
18.73
12.72
15.09
14.51
19.74
4.69
15.24
8.14
18.91
10.46
7
17.7
8.18
15.04
2.75
6.55
-2.79
-2.32
-7.06
-3.67
-1.74
2.19
4.76
4.54
6.86
1.7
6.19
-3.15
-0.87
-7.53
-16.05
-7.09
-18.35
-5.83
-18.37
-8.99
-16.52
-8.2
-14.39
-3.08
-10.93
-6.17
-13.66
-13.63
-21.61
-20.45
-16.58
-19.38
-21.01
-17.21
-22.08
-14.6
-21.61
-13.34
-21.39
-3.6
-11.47
-2.7
-11.44
-3.58
-13.88
-4.63
-17.12
-19.49
-32.52
-17.43
-8.61
-7.02
-13.17
-14.82
-9.1
-2.06
-16.12
-9.16
-18.84
-16.29
-31.09
-24.74
-33.24
-19.67
-26.73
-16.23
-25.39
-14.28
-23.31
-16.54
-23.09
-12.16
-11.96
-5.95
-7.13
-4.67
-1.83
-8.69
-5.9
-12.58
-6.86
-14.19
-4.36
-14.95
-17.84
-6.08
-18.28
-6.53
-12.81
4.38
-1.97
7.42
-0.8
3.69
-3.89
-1.34
-3.44
-3.02
0.8
-6.1
0
-7.51
0.45
-2.88
5.32
-4.02
5.01
-5.74
-0.09
-8.67
5.1
-1.5
12.14
0.65
6.57
-0.74
-5.19
-0.02
-1.74
2.41
5.63
1.54
-3.49
-9.39
-5.16
-11.13
-4.63
-13.68
-6.79
-4.45
-13.28
-4.56
-14.66
-3.84
-11.91
-4.36
-1.97
-8.76
-0.07
-3.49
0.04
-6.03
-0.6
3.24
7.31
-3.33
5.23
0.96
10.3
-0.8
7.73
-2.41
7.8
1.7
9.72
11.87
4.16
14.71
6.75
11.8
4.9
10.86
9.63
14.13
12.67
6.33
3.4
3.46
0.47
5.92
-3.73
1.36
-8.72
3.33
-5.97
3.51
-9.68
2.57
-4.83
5.97
-2.03
6.19
-8.43
-2.59
-5.65
-3.67
-1.56
-4.78
-8.25
-8.96
-7.06
3.84
-2.7
5.25
-6.15
4.02
9.5
-0.89
4.25
-5.97
5.12
-4.65
4.47
-5.16
-0.49
-6.33
4.43
1.88
7.26
8.74
9.72
8.76
7.85
11.02
7.85
2.32
11.6
3.17
16.65
7.82
14.55
8.94
-4.25
4.52
-5.57
6.03
-2.19
4.83
-2.26
1.54
-4.29
-2.35
-5.12
-4.83
-4.6
-6.59
-1.05
-3.44
1.16
-7.04
-4.02
-16.92
-9.01
-20
-9.23
-18.71
-4.63
-12.16
-0.4
-8.83
-3.15
-10.33
-3.46
-10.33
-10.44
-8.67
-11.4
-9.39
-7.24
-7.98
-1.92
-9.57
-7.04
-15.62
-11.29
-17.55
-8.14
-10.46
-18.66
-7.11
-15.04
-6.75
-19.94
-13.5
-20.18
-12.38
-15.29
-11.2
-19.58
-20.14
-16.7
-17.23
-20.41
-20.74
-32.03
-27.38
-31.67
-15.29
-21.37
-15.2
-25.15
-15.98
-30.22
-13.63
-17.52
-13.37
-23.54
-13.05
-20.59
-12.25
-18.1
-13.81
-20.65
-19.27
-19.74
-18.82
-20.38
-28.52
-22.73
-27.58
-20.72
-24.34
-11.8
-21.06
-9.7
-17.26
-8.38
-19.38
-8.74
-19.36
-11.91
-21.19
-20.07
-5.95
-5.7
4.14
5.86
5.77
0.69
-3.13
-5.63
-9.03
-5.48
-11.85
-0.36
-8.58
-1.72
-8.83
0.02
-11.69
-4.56
-15.85
-7.73
-20.76
-11.49
-21.86
-12
-15.31
-4.81
-6.39
-1.32
-5.32
-3.8
-1.97
-5.92
-0.13
-1.77
5.16
3.33
8.83
-0.67
9.99
-2.44
2.3
-8.63
-3.22
-17.17
-7.69
-16.61
3.82
-1.14
2.57
2.88
-3.44
0.72
-3.44
-7.62
-8.05
-5.21
1.34
2.3
8.27
2.21
11.15
2.91
12.38
4.2
12.18
1.48
11.27
-2.3
5.5
-0.2
9.52
2.75
12.76
5.01
8.36
-1.5
3.91
6.17
6.26
9.19
8.23
11.13
12.11
3.24
6.97
-0.85
13.41
7.69
19.62
3.38
11.18
1.88
13.5
3.22
13.52
1.18
5.59
-0.25
7.58
-0.02
0.6
0.09
1.65
6.37
9.25
13.05
6.48
11.73
6.15
12.38
2.32
13.5
6.01
18.93
11.69
20.47
4.05
12.83
7.85
17.28
9.14
13.01
1.32
7.96
4.31
2.06
-4.07
-8.63
-8.99
-8.36
-1.27
-9.68
-2.86
-10.93
-2.12
-7.76
1.39
-7.6
2.88
-7.85
7.58
-4.54
1.05
-9.5
-4.96
-11.73
-2.12
-8.85
-1.79
-7.26
-4.67
-2.97
0
3.11
-1.23
2.64
-5.48
0.09
-2.03
9.16
-0.42
7.62
-2.57
11.42
14.71
5.23
13.9
4.63
11.18
8.31
12.27
7.2
13.21
10.08
11.91
11.62
12.9
12.47
6.82
9.39
2.12
11.78
3.02
9.23
0.36
13.77
4.05
11.76
0.16
7.15
-3.49
-0.22
-11.73
-0.38
-7.22
1.61
-1.61
-3.04
-3.06
-5.14
-4.09
-2.44
-13.52
-2.44
-5.28
3.89
-5.34
4.56
-9.97
-3.53
-5.3
-13.86
-3.87
-8.45
5.9
-0.67
2.97
-0.22
3.04
-3.8
-1.05
1.27
-1.32
2.26
2.91
11.09
4.22
5.52
-4.07
-0.47
-11.89
-0.22
-12.32
-3.89
-13.46
-2.19
-14.17
-6.57
-16.56
-8.11
-10.66
-5.16
-10.1
-8.58
-14.84
-15.96
-13.99
-15.51
-8.56
-11.6
-8.54
-20.45
-17.81
-26.64
-18.17
-25.15
-12.72
-19.74
-6.21
-15.76
-7.71
-20.43
-9.57
-1.83
-4.67
4.81
4.78
13.79
15.31
16.03
13.84
10.15
15.96
11.82
18.86
12.56
11.58
20.79
9.72
13.43
4.54
14.95
5.59
-3.91
5.54
3.62
15.04
6.03
8.65
1.45
5.7
2.12
0.29
-3.38
-5.19
-2.5
-5.61
2.01
-6.1
0.31
-9.99
1.12
-11.04
1.41
-7.89
1.3
-0.25
-12.34
-0.34
-7.26
-1.27
-8.14
0.49
5.3
6.95
3.67
-1.07
-2.73
1.32
-8.67
-1.48
-6.71
3.62
0
7.73
-5.74
5.5
-6.5
0
-13.03
-4.14
-17.5
-8.99
-12.14
-3.31
-12.03
-3.46
-3.69
-0.98
-1.52
-3.6
-10.04
-5.86
-6.75
1.36
-4.18
3.38
-7.47
0.22
-4.18
-9.95
-0.67
-15.74
-4.81
-9.92
0.36
-5.28
2.08
0.96
-0.45
-1.03
-5.81
-7.67
-7.04
-8.69
-3.29
-7.69
1.86
-8.54
-5.05
2.77
-5.97
8.02
-4.25
6.39
-4.07
3.49
-2.26
9.63
2.91
14.24
9.92
9.03
5.28
5.65
3.82
2.03
4.49
6.28
13.08
6.12
13.75
-0.13
-0.69
12.2
2.32
12.61
0.83
13.08
3.17
13.52
8.56
14.31
9.21
12.96
7.87
2.62
6.28
11.09
14.15
7.6
12.05
0.69
-8.07
-0.67
-11.4
0.2
9.68
-2.91
8.16
-3.6
-9.9
0.8
-1.63
9.1
9.16
11.82
6.15
5.07
9.28
10.24
13.03
8.05
12.61
2.84
9.48
4.05
12.94
-2.82
2.1
-7.78
-1.92
-11.06
3.06
-10.57
-1.05
-6.21
-0.65
-4.09
1.18
-5.03
-3.31
-12.18
-13.57
-7.13
-6.3
0.94
-1.65
-1.16
-9.03
-1.68
-10.15
-4.65
-18.08
-7.51
-17.93
-8.47
-16.96
-8.67
-19.67
-8.76
-15.91
-4.81
-8.65
-9.01
-13.63
-9.61
-7.49
-4.36
2.32
0.04
2.97
2.24
9.81
-1.9
4.4
-9.21
-1.34
-9.39
-5.23
6.86
-5.83
0.02
-6.41
6.21
3.08
13.23
5.28
5.34
-5.9
-4.52
-2.68
-2.12
2.44
-1.12
2.66
-2.77
1.99
-6.75
4.54
-4.6
8.58
0.72
9.1
-4.4
5.57
-3.06
4.63
-5.5
-0.65
-7.71
1.79
-4.98
3.44
6.35
13.52
16.65
17.52
14.51
6.35
11.33
6.91
17.55
6.17
12.38
3.96
12
-0.94
14.04
4.4
11.56
5.52
16.65
7.91
-3.08
4.27
-0.63
9.66
19.6
15.04
18.53
12.87
18.57
10.13
15.98
7.73
17.52
6.28
10.95
-5.36
3.22
-1.3
13.39
4.69
10.57
-0.42
7.67
1.59
5.34
-1.68
2.37
0.04
5.01
1.9
1.12
1.41
-1.12
9.99
4.65
12.58
6.93
16.99
5.21
14.73
12.94
6.08
17.43
6.17
15.24
4.47
6.15
-1.25
1.14
-4.83
2.3
1.63
0.22
0.98
1.88
4.65
6.84
6.59
-1.92
7.6
1.21
10.48
0
12.41
0.56
9.23
-4.29
2.32
-3.46
6.75
-1.81
5.52
1.43
-2.46
-6.71
-9.68
-9.88
-4.98
2.86
-5.32
-0.89
-4.38
6.1
1.72
11.15
-4.74
-8.16
7.22
-5.5
0.13
-5.95
1.18
-6.33
2.41
-5.79
-2.48
-7.02
-4.83
-4.9
-6.28
-6.06
-3.87
-1.86
-5.36
2.55
-6.57
1.01
-9.25
-3.26
-13.99
-5.52
-17.01
-6.08
-15.58
-3.4
-14.93
-5.28
-15.94
-14.53
-22.93
-12.47
-12.18
-7.98
-9.37
-10.59
-14.55
-9.3
-14.8
-17.41
-8.78
-17.9
-10.66
-20.07
-4.16
-1.1
-9.3
-0.2
-11.42
-1.56
-0.07
-5.61
-1.36
-5.3
2.39
1.54
-0.4
3
-1.25
3.13
3.38
-6.1
0.31
-5.72
6.08
-3.87
9.75
3.04
12.25
0.67
9.88
0.27
13.75
8.52
12.36
6.44
8.9
3.38
5.48
1.52
1.92
-1.63
1.99
-0.11
14.15
9.75
18.26
8.11
13.68
1.54
12.87
0.02
6.1
-4.16
8.05
-7.44
6.06
9.68
15.07
12.94
1.79
-0.58
1.65
0.56
2.95
-1.83
7.85
4.69
6.48
-4.29
4.63
-3.93
4.34
-4.78
7.93
-1.54
12.96
6.91
16.94
6.33
16
9.9
10.04
1.79
6.08
7.93
9.97
7.67
3.6
1.54
-3.46
7
2.15
7.13
-1.07
3.89
-4.92
7.8
-5.59
5.32
-4.56
-3.35
-14.33
-0.47
-6.5
3.42
0.67
6.1
-4.52
3.4
6.71
6.03
9.63
4.81
8.38
4.27
4.78
-2.88
3.08
-4.36
9.79
1.81
-3.71
3.6
6.01
-3
8.74
0.36
-11.27
-4.76
-8.76
-4.29
-2.73
0.29
0.49
-0.49
9.12
3.08
10.86
3.38
10.46
0.38
7.73
-0.58
9.45
-2.01
8.4
-1.27
6.5
-2.28
9.03
-2.01
1.63
-1.79
5.19
5.21
11.62
7.2
11.98
14.64
19.71
22.26
11.04
13.93
6.33
14.08
5.14
1.16
12.09
11.49
-2.26
7.78
-3.46
5.88
-2.57
1.65
-3.49
-6.86
-1.21
1.05
0.42
-1.05
-8.16
-14.62
-4.27
-13.25
-8.38
2.48
-7
6.12
-9.21
-0.25
-13.14
-3.17
-10.68
1.79
-5.72
-1.81
-11.09
-5.74
0.34
2.12
-0.8
-3.73
1.92
-4.65
0.04
-5.57
0.87
-5.57
6.44
-9.21
-5.57
-21.97
-9.92
-9.52
3.78
-5.97
-6.21
-18.64
-10.75
-9.61
-0.09
-7.06
-9.75
-10.68
-12.92
-8.36
-16.72
-15.18
-22.22
-15.29
-23.87
-18.71
-29.91
-18.26
-22.58
-10.04
-18.06
-6.06
-13.21
-2.59
-13.3
-6.64
-15.96
-7.69
-6.12
-1.1
-5.45
-6.75
-9.68
-13.21
-11.53
-16.16
-10.84
-14.95
-5.03
-8.56
4.36
-10.91
-7.02
-21.14
-9.9
-19.69
-7.13
-14.37
-3.87
-7.44
6.06
-0.31
-1.72
-8.05
-5.86
-11.42
-7.2
-4.72
-5.28
-2.1
-6.84
-0.38
-6.79
3.51
-4.72
-1.16
-13.37
0.09
-5.3
9.32
-1.05
7.78
-2.86
2.15
-9.37
-3.55
-10.13
-3.44
-6.55
-2.97
-7.22
-6.53
-2.35
-3.4
-10.55
-3.15
1.41
-5.65
5.43
-6.08
3.4
-7.8
1.27
-8.9
2.44
-6.03
1.21
-9.19